,text_surronding
Bloy-Leon_La-Femme-pauvre_<Clotilde-810>_18665,"Puis , ayant fait monter Clotilde , il se laissa"
Bloy-Leon_La-Femme-pauvre_<Clotilde-810>_18674,laissa tomber à côté d' elle et continua de parler
Bloy-Leon_La-Femme-pauvre_<Clotilde-810>_18694,", ma chère enfant , vous allez me promettre de"
Bloy-Leon_La-Femme-pauvre_<Clotilde-810>_18708,ce qui me plaira . Je suis un animal qu'
Bloy-Leon_La-Femme-pauvre_<Clotilde-810>_18719,ne faut pas contrarier . Vous êtes venue chez moi
Bloy-Leon_La-Femme-pauvre_<Clotilde-810>_18725,êtes venue chez moi pour vous mettre à mes ordres
Bloy-Leon_La-Femme-pauvre_<Clotilde-810>_18737,"suppose . Par conséquent , vous devez m' obéir bien"
Bloy-Leon_La-Femme-pauvre_<Clotilde-810>_18744,m' obéir bien gentiment . Vous comprenez que je ne
Bloy-Leon_La-Femme-pauvre_<Clotilde-810>_18751,que je ne peux pas vous emmener dans ce costume
Bloy-Leon_La-Femme-pauvre_<Clotilde-810>_18770,est sur notre chemin et vous ferez un peu de
Bloy-Leon_La-Femme-pauvre_<Clotilde-810>_18779,"de toilette . Oh ! soyez tranquille , ce n'"
Bloy-Leon_La-Femme-pauvre_<Clotilde-810>_18796,ai pas le droit de vous en faire . C'
Bloy-Leon_La-Femme-pauvre_<Clotilde-810>_18814,"séances … D' abord , vous savez , moi ,"
Bloy-Leon_La-Femme-pauvre_<Clotilde-810>_18869,"Je crève de faim et vous aussi , peut -"
Bloy-Leon_La-Femme-pauvre_<Clotilde-810>_18889,"Ah ! par exemple , vous seriez aimable de ne"
Bloy-Leon_La-Femme-pauvre_<Clotilde-810>_18928,une masse de croquis … Clotilde eût été fort embarrassée
Bloy-Leon_La-Femme-pauvre_<Clotilde-810>_18955,"à lui - même . La malheureuse était , d'"
Bloy-Leon_La-Femme-pauvre_<Clotilde-810>_18970,former une idée quelconque . Elle se croyait en plein
Bloy-Leon_La-Femme-pauvre_<Clotilde-810>_18978,en plein rêve et n' avait pas trouvé un seul
Bloy-Leon_La-Femme-pauvre_<Clotilde-810>_19007,"flexible volonté . Naïvement , elle obéissait , suivant l'"
Bloy-Leon_La-Femme-pauvre_<Clotilde-810>_19017,instinct des êtres profonds . Son âme supérieure lui disait
Bloy-Leon_La-Femme-pauvre_<Clotilde-810>_19020,profonds . Son âme supérieure lui disait d' accueillir cette
Bloy-Leon_La-Femme-pauvre_<Clotilde-810>_19033,avec la même douceur qu' elle eût accepté les avanies
Bloy-Leon_La-Femme-pauvre_<Clotilde-810>_19058,"bronze de leur destin , elle s' abandonnait délicieusement à"
Bloy-Leon_La-Femme-pauvre_<Clotilde-810>_19068,l' illusion d' avoir obtenu sa grâce . Et puis
Bloy-Leon_La-Femme-pauvre_<Clotilde-810>_19077,"puis , cette pensée qu' elle allait enfin être habillée"
Bloy-Leon_La-Femme-pauvre_<Clotilde-810>_19083,"allait enfin être habillée , la suffoquait , l' étranglait"
Bloy-Leon_La-Femme-pauvre_<Clotilde-810>_19086,"habillée , la suffoquait , l' étranglait , lui serrait"
Bloy-Leon_La-Femme-pauvre_<Clotilde-810>_19089,"suffoquait , l' étranglait , lui serrait le cœur ."
Bloy-Leon_La-Femme-pauvre_<Clotilde-810>_19112,! Ne plus sentir sur elle cette robe infâme qui
Bloy-Leon_La-Femme-pauvre_<Clotilde-810>_19117,"elle cette robe infâme qui la salissait , qui la"
Bloy-Leon_La-Femme-pauvre_<Clotilde-810>_19121,"qui la salissait , qui la flétrissait , dont le"
Bloy-Leon_La-Femme-pauvre_<Clotilde-810>_19141,tristesse et d' ignominie que son misérable amant lui avait
Bloy-Leon_La-Femme-pauvre_<Clotilde-810>_19144,ignominie que son misérable amant lui avait donnée autrefois et
Bloy-Leon_La-Femme-pauvre_<Clotilde-810>_19150,"avait donnée autrefois et qu' elle portait , uniquement parce"
Bloy-Leon_La-Femme-pauvre_<Clotilde-810>_19163,avait jamais été possible de la remplacer . Oh !
Bloy-Leon_La-Femme-pauvre_<Clotilde-810>_19231,", délivrée , ne plus la voir , la jeter"
Bloy-Leon_La-Femme-pauvre_<Clotilde-810>_19234,"ne plus la voir , la jeter , en fuyant"
Bloy-Leon_La-Femme-pauvre_<Clotilde-810>_19248,où les ramasseurs d' ordures la dédaigneraient ! … Etait
Bloy-Leon_La-Femme-pauvre_<Clotilde-810>_19270,"Certes , oui , qu' elle allait poser de bon"
Bloy-Leon_La-Femme-pauvre_<Clotilde-810>_19287,"et ce ne serait pas sa faute , à elle"
Bloy-Leon_La-Femme-pauvre_<Clotilde-810>_19291,"pas sa faute , à elle , si cet artiste"
Bloy-Leon_La-Femme-pauvre_<Clotilde-810>_19306,"- d' œuvre , car elle poserait comme personne ,"
Bloy-Leon_La-Femme-pauvre_<Clotilde-810>_19319,avait jamais pu poser ! Elle serait de pierre sous
Bloy-Leon_La-Femme-pauvre_<Clotilde-810>_19337,"mais les bottines , il lui en faudrait aussi ,"
Bloy-Leon_La-Femme-pauvre_<Clotilde-810>_19343,"en faudrait aussi , car elle en était à marcher"
Bloy-Leon_La-Femme-pauvre_<Clotilde-810>_19365,"s' en passer , puisqu' elle était complètement nue sous"
Bloy-Leon_La-Femme-pauvre_<Clotilde-810>_19370,elle était complètement nue sous ses loques ? Et un
Bloy-Leon_La-Femme-pauvre_<Clotilde-810>_19439,"Dieu ! dire pourtant que je serai comme cela ,"
Bloy-Leon_La-Femme-pauvre_<Clotilde-810>_19450,"à l' heure , pensait - elle , en regardant"
Bloy-Leon_La-Femme-pauvre_<Clotilde-810>_19466,la rue du Bac . Je crois que je vais
Bloy-Leon_La-Femme-pauvre_<Clotilde-810>_19469,Bac . Je crois que je vais devenir folle .
Bloy-Leon_La-Femme-pauvre_<Clotilde-810>_19484,"pour rien au monde , elle n' aurait consenti à"
Bloy-Leon_La-Femme-pauvre_<Clotilde-810>_19499,"laisser échapper quelque chose de sa joie . Gacougnol ,"
Bloy-Leon_La-Femme-pauvre_<Clotilde-810>_19529,"sa barbe copieuse , il la considérait en souriant ."
Bloy-Leon_La-Femme-pauvre_<Clotilde-810>_19535,considérait en souriant . – Pauvre créature ! se disait
Bloy-Leon_La-Femme-pauvre_<Clotilde-810>_19547,", je suis Dieu pour elle , en ce moment"
Bloy-Leon_La-Femme-pauvre_<Clotilde-810>_19575,"du prophète Elie , car elle transsude la jubilation ."
Bloy-Leon_La-Femme-pauvre_<Clotilde-810>_19584,. Faut - il qu' elle en ait eu de
Bloy-Leon_La-Femme-pauvre_<Clotilde-810>_19592,"eu de la misère , celle - là , pour"
Bloy-Leon_La-Femme-pauvre_<Clotilde-810>_19603,il soit si facile de lui procurer l' extase !
Bloy-Leon_La-Femme-pauvre_<Clotilde-810>_19620,que j' allais faire sortir la femme de ma petite
Bloy-Leon_La-Femme-pauvre_<Clotilde-810>_19694,pas la première venue . C' est une chrysalide joyeuse
Bloy-Leon_La-Femme-pauvre_<Clotilde-810>_19709,donc est le mal ? Elle obéit à sa nature
Bloy-Leon_La-Femme-pauvre_<Clotilde-810>_19712,mal ? Elle obéit à sa nature . Eh !
Bloy-Leon_La-Femme-pauvre_<Clotilde-810>_19722,"bien , après ? Pourquoi sa figure mentirait - elle"
Bloy-Leon_La-Femme-pauvre_<Clotilde-810>_19725,? Pourquoi sa figure mentirait - elle ? Jamais une
Bloy-Leon_La-Femme-pauvre_<Clotilde-810>_19745,avec un pareil abandon . Elle ne manquerait pas de
Bloy-Leon_La-Femme-pauvre_<Clotilde-810>_19755,me faire sentir que ça lui est dû et m'
Bloy-Leon_La-Femme-pauvre_<Clotilde-810>_19760,"lui est dû et m' offrirait , pour me gratifier"
Bloy-Leon_La-Femme-pauvre_<Clotilde-810>_19776,belle gueule en mastic où sa dignité serait empreinte .
Bloy-Leon_La-Femme-pauvre_<Clotilde-810>_19784,empreinte . L' enfantillage de cette grande fille me ravit
Bloy-Leon_La-Femme-pauvre_<Clotilde-810>_19802,", après tout , qu' elle ait un cœur adorable"
Bloy-Leon_La-Femme-pauvre_<Clotilde-810>_19836,"raison , comme toujours . Celle - là n' est"
Bloy-Leon_La-Femme-pauvre_<Clotilde-810>_19854,"sainte et , certainement , elle n' est pas neuve"
Bloy-Leon_La-Femme-pauvre_<Clotilde-810>_19860,n' est pas neuve . Elle se sera fait prendre
Bloy-Leon_La-Femme-pauvre_<Clotilde-810>_19899,le colimaçon ait glissé sur elle sans laisser la nacre
Bloy-Leon_La-Femme-pauvre_<Clotilde-810>_19906,laisser la nacre malpropre de son souvenir . D' ailleurs
Bloy-Leon_La-Femme-pauvre_<Clotilde-810>_19916,", je m' amuserai à la faire parler en déjeunant"
Bloy-Leon_La-Femme-pauvre_<Clotilde-810>_19928,verrai bien la couleur de ses pensées . Comme il
Bloy-Leon_La-Femme-pauvre_<Clotilde-810>_20035,"habilleuse de la maison , la tremblante et joyeuse Clotilde"
Bloy-Leon_La-Femme-pauvre_<Clotilde-810>_20072,avait vu venir à lui une jeune femme très bien
Bloy-Leon_La-Femme-pauvre_<Clotilde-810>_20078,jeune femme très bien mise qu' il n' avait pas
Bloy-Leon_La-Femme-pauvre_<Clotilde-810>_20088,reconnue du premier coup et qui lui avait serré très
Bloy-Leon_La-Femme-pauvre_<Clotilde-810>_20106,"avec une expression sublime . Clotilde était si naturellement ,"
Bloy-Leon_La-Femme-pauvre_<Clotilde-810>_20115,", si simplement supérieure à sa condition que , même"
Bloy-Leon_La-Femme-pauvre_<Clotilde-810>_20234,fini par se développer en cette créature délicieuse . La
Bloy-Leon_La-Femme-pauvre_<Clotilde-810>_20241,délicieuse . La toilette de Clotilde était assurément sans aucun
Bloy-Leon_La-Femme-pauvre_<Clotilde-810>_20311,Impératrice des Indes . Mais elle portait cet attirail de
Bloy-Leon_La-Femme-pauvre_<Clotilde-810>_20335,turquoise et d' or . Sa taille s' était redressée
Bloy-Leon_La-Femme-pauvre_<Clotilde-810>_20349,du vêtement féminin relevait désormais son buste et poussait en
Bloy-Leon_La-Femme-pauvre_<Clotilde-810>_20355,buste et poussait en haut sa tête soucieuse que les
Bloy-Leon_La-Femme-pauvre_<Clotilde-810>_20428,. Il voulut savoir si elle levait le petit doigt
Bloy-Leon_La-Femme-pauvre_<Clotilde-810>_20439,la main droite en portant son verre à ses lèvres
Bloy-Leon_La-Femme-pauvre_<Clotilde-810>_20442,en portant son verre à ses lèvres . Elle ne
Bloy-Leon_La-Femme-pauvre_<Clotilde-810>_20445,verre à ses lèvres . Elle ne le levait pas
Bloy-Leon_La-Femme-pauvre_<Clotilde-810>_20458,remarqua pas non plus qu' elle éprouvât le besoin de
Bloy-Leon_La-Femme-pauvre_<Clotilde-810>_20470,la moitié du visage avec sa serviette en parlant au
Bloy-Leon_La-Femme-pauvre_<Clotilde-810>_20482,"les servait , ni qu' elle fît entendre une petite"
Bloy-Leon_La-Femme-pauvre_<Clotilde-810>_20491,petite toux mélodieuse en rompant son pain . Elle ne
Bloy-Leon_La-Femme-pauvre_<Clotilde-810>_20494,en rompant son pain . Elle ne s' écriait pas
Bloy-Leon_La-Femme-pauvre_<Clotilde-810>_20562,". Enfin , tout en elle évoquait l' image d'"
Bloy-Leon_La-Femme-pauvre_<Clotilde-810>_20585,aussitôt son ciel . Dans sa parole et dans son
Bloy-Leon_La-Femme-pauvre_<Clotilde-810>_20589,"Dans sa parole et dans son visage , il y"
Bloy-Leon_La-Femme-pauvre_<Clotilde-810>_20606,rapatriement et de renouveau . Elle disait les mêmes choses
Bloy-Leon_La-Femme-pauvre_<Clotilde-810>_20612,disait les mêmes choses qu' elle aurait pu dire quelques
Bloy-Leon_La-Femme-pauvre_<Clotilde-810>_20639,polygone de ténèbres . Mais elle les disait d' une
Bloy-Leon_La-Femme-pauvre_<Clotilde-810>_20662,"ambitieuse , précisément parce qu' elle était timbrée d' une"
Bloy-Leon_La-Femme-pauvre_<Clotilde-810>_20671,une humilité plus profonde . Sa physionomie n' était pas
Bloy-Leon_La-Femme-pauvre_<Clotilde-810>_20683,"et moins douce , et ses sublimes yeux avaient toujours"
Bloy-Leon_La-Femme-pauvre_<Clotilde-810>_20697,"après l' orage , mais son sourire était à peine"
Bloy-Leon_La-Femme-pauvre_<Clotilde-810>_20717,immense persistait au fond de sa joie qui ne serait
Bloy-Leon_La-Femme-pauvre_<Clotilde-810>_20753,"Cependant l' excellent repas que lui donnait Gacougnol , et"
Bloy-Leon_La-Femme-pauvre_<Clotilde-810>_20787,"base du cimier noir de sa chevelure , le nuage"
Bloy-Leon_La-Femme-pauvre_<Clotilde-810>_20794,", le nuage mobile de son tourment . – Ma"
Bloy-Leon_La-Femme-pauvre_<Clotilde-810>_20836,le crépuscule du Corbeau . Votre visage de mélancolie me
Bloy-Leon_La-Femme-pauvre_<Clotilde-810>_20851,… Je veux faire sur vous une grande épreuve .
Bloy-Leon_La-Femme-pauvre_<Clotilde-810>_20869,un très vieil ami que vous auriez perdu l' espérance
Bloy-Leon_La-Femme-pauvre_<Clotilde-810>_20878,espérance de revoir et que vous avez eu la joie
Bloy-Leon_La-Femme-pauvre_<Clotilde-810>_20899,"vous , même , si vous le préférez , que"
Bloy-Leon_La-Femme-pauvre_<Clotilde-810>_20913,"être , qui sait ? le bonhomme providentiel , l'"
Bloy-Leon_La-Femme-pauvre_<Clotilde-810>_20922,"l' instrument désigné pour transformer votre existence , de même"
Bloy-Leon_La-Femme-pauvre_<Clotilde-810>_20931,"même que j' ai transformé votre costume , – je"
Bloy-Leon_La-Femme-pauvre_<Clotilde-810>_20950,et racontez - moi bonnement votre histoire . Elle est
Bloy-Leon_La-Femme-pauvre_<Clotilde-810>_20993,. Est - ce trop vous demander ? … Vous
Bloy-Leon_La-Femme-pauvre_<Clotilde-810>_20997,"trop vous demander ? … Vous comprenez bien , mon"
Bloy-Leon_La-Femme-pauvre_<Clotilde-810>_21009,que j' ai besoin de vous mieux connaître . Je
Bloy-Leon_La-Femme-pauvre_<Clotilde-810>_21017,. Je ne sais de vous que votre nom et
Bloy-Leon_La-Femme-pauvre_<Clotilde-810>_21031,si j' entrevois très confusément votre situation … Je me
Bloy-Leon_La-Femme-pauvre_<Clotilde-810>_21083,"façon de mentir … Avec vous , Clotilde , c'"
Bloy-Leon_La-Femme-pauvre_<Clotilde-810>_21085,"mentir … Avec vous , Clotilde , c' est autre"
Bloy-Leon_La-Femme-pauvre_<Clotilde-810>_21095,chose . Je sens que vous ne devez pas mentir
Bloy-Leon_La-Femme-pauvre_<Clotilde-810>_21102,devez pas mentir et je vous croirai . S' il
Bloy-Leon_La-Femme-pauvre_<Clotilde-810>_21112,y a quelque circonstance que vous ne vouliez pas ou
Bloy-Leon_La-Femme-pauvre_<Clotilde-810>_21118,ne vouliez pas ou que vous ne puissiez pas me
Bloy-Leon_La-Femme-pauvre_<Clotilde-810>_21146,et passez outre . Voulez - vous ? Et il
Bloy-Leon_La-Femme-pauvre_<Clotilde-810>_21156,enveloppa d' un regard avide cette Singulière qui déconcertait son
Bloy-Leon_La-Femme-pauvre_<Clotilde-810>_21158,un regard avide cette Singulière qui déconcertait son expérience .
Bloy-Leon_La-Femme-pauvre_<Clotilde-810>_21163,qui déconcertait son expérience . Clotilde l' avait écouté avec
Bloy-Leon_La-Femme-pauvre_<Clotilde-810>_21173,une émotion qui faisait battre ses artères . D' abord
Bloy-Leon_La-Femme-pauvre_<Clotilde-810>_21182,"abord , une aspiration brusque lui avait entr' ouvert la"
Bloy-Leon_La-Femme-pauvre_<Clotilde-810>_21195,"si quelque vision passait devant elle , puis une fumée"
Bloy-Leon_La-Femme-pauvre_<Clotilde-810>_21207,"paru flotter un instant sur son visage et maintenant ,"
Bloy-Leon_La-Femme-pauvre_<Clotilde-810>_21212,"son visage et maintenant , elle regardait Gacougnol d' une"
Bloy-Leon_La-Femme-pauvre_<Clotilde-810>_21238,aurait pu descendre jusqu' à son cœur . – J'
Bloy-Leon_La-Femme-pauvre_<Clotilde-810>_21242,"à son cœur . – J' y pensais , répondit"
Bloy-Leon_La-Femme-pauvre_<Clotilde-810>_21247,"J' y pensais , répondit - elle simplement . Puis"
Bloy-Leon_La-Femme-pauvre_<Clotilde-810>_21257,", vidant d' un trait sa petite coupe de vieux"
Bloy-Leon_La-Femme-pauvre_<Clotilde-810>_21265,de vieux Corton et posant sa serviette sur la table
Bloy-Leon_La-Femme-pauvre_<Clotilde-810>_21277,"être essuyé les lèvres , elle se leva et vint"
Bloy-Leon_La-Femme-pauvre_<Clotilde-810>_21281,", elle se leva et vint s' asseoir sur le"
Bloy-Leon_La-Femme-pauvre_<Clotilde-810>_21293,à côté du peintre qui l' avait placée devant lui
Bloy-Leon_La-Femme-pauvre_<Clotilde-810>_21304,"en pleine lumière , pour l' étudier à son aise"
Bloy-Leon_La-Femme-pauvre_<Clotilde-810>_21307,", pour l' étudier à son aise . – Monsieur"
Bloy-Leon_La-Femme-pauvre_<Clotilde-810>_21314,". – Monsieur , dit - elle gravement , je"
Bloy-Leon_La-Femme-pauvre_<Clotilde-810>_21318,"dit - elle gravement , je crois , en effet"
Bloy-Leon_La-Femme-pauvre_<Clotilde-810>_21330,vous avez été mis sur mon chemin par la volonté
Bloy-Leon_La-Femme-pauvre_<Clotilde-810>_21337,par la volonté divine . Je le crois profondément .
Bloy-Leon_La-Femme-pauvre_<Clotilde-810>_21342,Je le crois profondément . Je suis très sûre aussi
Bloy-Leon_La-Femme-pauvre_<Clotilde-810>_21364,"il le fait , et j' ignore même si quelqu'"
Bloy-Leon_La-Femme-pauvre_<Clotilde-810>_21398,« vieil ami » que j' aurais pu perdre et
Bloy-Leon_La-Femme-pauvre_<Clotilde-810>_21404,aurais pu perdre et que je croirais retrouver en vous
Bloy-Leon_La-Femme-pauvre_<Clotilde-810>_21416,"parole était bien étonnante pour moi , je vous assure"
Bloy-Leon_La-Femme-pauvre_<Clotilde-810>_21418,"bien étonnante pour moi , je vous assure . Vous"
Bloy-Leon_La-Femme-pauvre_<Clotilde-810>_21430,"vous - même , car je vais vous parler comme"
Bloy-Leon_La-Femme-pauvre_<Clotilde-810>_21438,"parler comme vous désirez que je vous parle , comme"
Bloy-Leon_La-Femme-pauvre_<Clotilde-810>_21443,"je vous parle , comme je parlerais à cet absent"
Bloy-Leon_La-Femme-pauvre_<Clotilde-810>_21450,à cet absent que vous m' avez tant rappelé ce
Bloy-Leon_La-Femme-pauvre_<Clotilde-810>_21464,vous avez eu compassion de ma peine . Je vais
Bloy-Leon_La-Femme-pauvre_<Clotilde-810>_21467,compassion de ma peine . Je vais tout vous dire
Bloy-Leon_La-Femme-pauvre_<Clotilde-810>_21484,"honte , ajouta - t - elle d' une voix"
Bloy-Leon_La-Femme-pauvre_<Clotilde-810>_21496,"altérée , tant pis pour moi ! Alors , sans"
Bloy-Leon_La-Femme-pauvre_<Clotilde-810>_21518,"sans atténuation ni apologie , elle raconta sa vie déflorée"
Bloy-Leon_La-Femme-pauvre_<Clotilde-810>_21520,"ni apologie , elle raconta sa vie déflorée qui ressemblait"
Bloy-Leon_La-Femme-pauvre_<Clotilde-810>_21531,dix mille vies . – Mon existence est une campagne
Bloy-Leon_La-Femme-pauvre_<Clotilde-810>_21542,où il pleut toujours … Son voisin ne songeait plus
Bloy-Leon_La-Femme-pauvre_<Clotilde-810>_21548,voisin ne songeait plus à l' observer . Dompté par
Bloy-Leon_La-Femme-pauvre_<Clotilde-810>_21557,"par une simplicité inconnue , il savourait en silence ,"
Bloy-Leon_La-Femme-pauvre_<Clotilde-810>_21566,", dans la région de son âme la plus ignorée"
Bloy-Leon_La-Femme-pauvre_<Clotilde-810>_21572,"âme la plus ignorée de lui - même , la"
Bloy-Leon_La-Femme-pauvre_<Clotilde-810>_21596,", peut - être , il se demandait à quoi"
Bloy-Leon_La-Femme-pauvre_<Clotilde-810>_21613,et d' avoir bêtement galvaudé sa vie dans les expérimentations
Bloy-Leon_La-Femme-pauvre_<Clotilde-810>_21650,cristal qui chantait si bien sa fraîche complainte . –
Bloy-Leon_La-Femme-pauvre_<Clotilde-810>_21663,"de ce Missionnaire , disait - elle , furent pour"
Bloy-Leon_La-Femme-pauvre_<Clotilde-810>_21668,"- elle , furent pour moi comme des oiseaux du"
Bloy-Leon_La-Femme-pauvre_<Clotilde-810>_21680,auraient fait leur nid dans mon cœur … Sans le
Bloy-Leon_La-Femme-pauvre_<Clotilde-810>_21691,"et sans le savoir , elle ruisselait de ces familières"
Bloy-Leon_La-Femme-pauvre_<Clotilde-810>_21708,. Le tissu léger de son langage qui laissait voir
Bloy-Leon_La-Femme-pauvre_<Clotilde-810>_21717,"voir les formes pures de sa pensée , n' était"
Bloy-Leon_La-Femme-pauvre_<Clotilde-810>_21737,choses de la nature qu' elle avait pu voir .
Bloy-Leon_La-Femme-pauvre_<Clotilde-810>_21742,elle avait pu voir . Cette Primitive se peignait naïvement
Bloy-Leon_La-Femme-pauvre_<Clotilde-810>_21747,Cette Primitive se peignait naïvement elle - même avec les
Bloy-Leon_La-Femme-pauvre_<Clotilde-810>_21758,"en très petit nombre qu' elle possédait , sans égard"
Bloy-Leon_La-Femme-pauvre_<Clotilde-810>_21793,". Mais , toujours , elle apparaissait lointaine , minuscule"
Bloy-Leon_La-Femme-pauvre_<Clotilde-810>_21804,"obombrée , comme exilée de son propre drame , –"
Bloy-Leon_La-Femme-pauvre_<Clotilde-810>_21828,". Parfois , cependant , elle avait des mots étranges"
Bloy-Leon_La-Femme-pauvre_<Clotilde-810>_21843,"éclairs , le fond de son âme : – J'"
Bloy-Leon_La-Femme-pauvre_<Clotilde-810>_21847,de son âme : – J' ai cherché l' amour
Bloy-Leon_La-Femme-pauvre_<Clotilde-810>_21861,les vipères ! – Quand j' ai frappé monsieur Chapuis
Bloy-Leon_La-Femme-pauvre_<Clotilde-810>_21867,"ai frappé monsieur Chapuis , j' ai cru qu' il"
Bloy-Leon_La-Femme-pauvre_<Clotilde-810>_21872,j' ai cru qu' il me poussait un chêne dans
Bloy-Leon_La-Femme-pauvre_<Clotilde-810>_21923,toutes les circonstances qui pouvaient la faire détester . Elle
Bloy-Leon_La-Femme-pauvre_<Clotilde-810>_21927,pouvaient la faire détester . Elle montra sa mère telle
Bloy-Leon_La-Femme-pauvre_<Clotilde-810>_21929,faire détester . Elle montra sa mère telle qu' elle
Bloy-Leon_La-Femme-pauvre_<Clotilde-810>_21949,ou trois conjonctures anciennes où cette sorcière avait paru l'
Bloy-Leon_La-Femme-pauvre_<Clotilde-810>_21960,"sans calcul . Enfin , elle ondoya de la plus"
Bloy-Leon_La-Femme-pauvre_<Clotilde-810>_21967,"de la plus insolite poésie son auditeur , à qui"
Bloy-Leon_La-Femme-pauvre_<Clotilde-810>_21972,"son auditeur , à qui elle apparut telle qu' une"
Bloy-Leon_La-Femme-pauvre_<Clotilde-810>_21987,". – Maintenant , dit - elle en finissant ,"
Bloy-Leon_La-Femme-pauvre_<Clotilde-810>_22002,vous avez voulu savoir . Je ne pourrais pas être
Bloy-Leon_La-Femme-pauvre_<Clotilde-810>_22010,pas être plus vraie si j' étais interrogée par Dieu
Bloy-Leon_La-Femme-pauvre_<Clotilde-810>_22022,"que rien ne manque à ma confession , j' ajoute"
Bloy-Leon_La-Femme-pauvre_<Clotilde-810>_22025,"manque à ma confession , j' ajoute ceci . Lorsque"
Bloy-Leon_La-Femme-pauvre_<Clotilde-810>_22036,"dans la voiture , vous m' avez dit que j'"
Bloy-Leon_La-Femme-pauvre_<Clotilde-810>_22040,"vous m' avez dit que j' allais être habillée ,"
Bloy-Leon_La-Femme-pauvre_<Clotilde-810>_22046,"allais être habillée , après m' avoir fait mourir de"
Bloy-Leon_La-Femme-pauvre_<Clotilde-810>_22053,fait mourir de peur en me disant exactement le contraire
Bloy-Leon_La-Femme-pauvre_<Clotilde-810>_22065,"demi - heure auparavant , je vous assure que j'"
Bloy-Leon_La-Femme-pauvre_<Clotilde-810>_22069,", je vous assure que j' ai complètement perdu la"
Bloy-Leon_La-Femme-pauvre_<Clotilde-810>_22081,à force de joie . J' ai eu comme un
Bloy-Leon_La-Femme-pauvre_<Clotilde-810>_22099,allions très vite . Cependant j' aurais voulu que le
Bloy-Leon_La-Femme-pauvre_<Clotilde-810>_22124,"rêve s' est réalisé , je suis plus calme et"
Bloy-Leon_La-Femme-pauvre_<Clotilde-810>_22129,je suis plus calme et j' espère que vous me
Bloy-Leon_La-Femme-pauvre_<Clotilde-810>_22133,et j' espère que vous me trouverez tout à fait
Bloy-Leon_La-Femme-pauvre_<Clotilde-810>_22162,"homme à la soucoupe , se tourna vers Clotilde et"
Bloy-Leon_La-Femme-pauvre_<Clotilde-810>_22177,"qu' elle prit aussitôt , lui parla ainsi : –"
Bloy-Leon_La-Femme-pauvre_<Clotilde-810>_22178,"elle prit aussitôt , lui parla ainsi : – Mon"
Bloy-Leon_La-Femme-pauvre_<Clotilde-810>_22182,"lui parla ainsi : – Mon enfant , ou plutôt"
Bloy-Leon_La-Femme-pauvre_<Clotilde-810>_22192,"Mademoiselle , – décidément car je commence à me trouver"
Bloy-Leon_La-Femme-pauvre_<Clotilde-810>_22207,"ou si familier , – j' ai connu de très"
Bloy-Leon_La-Femme-pauvre_<Clotilde-810>_22216,très hautes dames à qui j' enverrais bien volontiers vos
Bloy-Leon_La-Femme-pauvre_<Clotilde-810>_22228,ce matin . Votre confidence m' a donné pour vous
Bloy-Leon_La-Femme-pauvre_<Clotilde-810>_22253,"pouvez guère comprendre , car je vous ai écoutée en"
Bloy-Leon_La-Femme-pauvre_<Clotilde-810>_22260,ai écoutée en artiste et je passe pour un public
Bloy-Leon_La-Femme-pauvre_<Clotilde-810>_22268,un public assez difficile . Je suis donc peu capable
Bloy-Leon_La-Femme-pauvre_<Clotilde-810>_22275,"donc peu capable de regretter ma curiosité . Cependant ,"
Bloy-Leon_La-Femme-pauvre_<Clotilde-810>_22287,dû vous faire souffrir et je vous prie de me
Bloy-Leon_La-Femme-pauvre_<Clotilde-810>_22291,et je vous prie de me la pardonner … Ne
Bloy-Leon_La-Femme-pauvre_<Clotilde-810>_22296,me la pardonner … Ne me dites plus un mot
Bloy-Leon_La-Femme-pauvre_<Clotilde-810>_22310,"bêtes . En voiture , l' infatigable parleur était devenu"
Bloy-Leon_La-Femme-pauvre_<Clotilde-810>_22317,parleur était devenu silencieux . Il regardait Clotilde avec une
Bloy-Leon_La-Femme-pauvre_<Clotilde-810>_22337,"Deux ou trois fois , il entr' ouvrit la bouche"
Bloy-Leon_La-Femme-pauvre_<Clotilde-810>_22360,"avoir proféré une syllabe . La jeune femme , attentive"
Bloy-Leon_La-Femme-pauvre_<Clotilde-810>_22418,des grands fauves . Mais l' un et l' autre
Bloy-Leon_La-Femme-pauvre_<Clotilde-810>_22421,. Mais l' un et l' autre connaissaient peu ce
Bloy-Leon_La-Femme-pauvre_<Clotilde-810>_22449,"égarèrent . Chemin faisant , Clotilde admira les zèbres et"
Bloy-Leon_La-Femme-pauvre_<Clotilde-810>_22457,zèbres et les antilopes qu' elle s' arrêta pour contempler
Bloy-Leon_La-Femme-pauvre_<Clotilde-810>_22465,pour contempler amoureusement . – Vous aimez beaucoup les bêtes
Bloy-Leon_La-Femme-pauvre_<Clotilde-810>_22471,"aimez beaucoup les bêtes ? lui dit le peintre ,"
Bloy-Leon_La-Femme-pauvre_<Clotilde-810>_22473,"les bêtes ? lui dit le peintre , la voyant"
Bloy-Leon_La-Femme-pauvre_<Clotilde-810>_22476,"lui dit le peintre , la voyant caresser un de"
Bloy-Leon_La-Femme-pauvre_<Clotilde-810>_22492,ressemblaient aux siens . – Je les aime de tout
Bloy-Leon_La-Femme-pauvre_<Clotilde-810>_22497,"Je les aime de tout mon cœur , répondit -"
Bloy-Leon_La-Femme-pauvre_<Clotilde-810>_22501,"tout mon cœur , répondit - elle ; je voudrais"
Bloy-Leon_La-Femme-pauvre_<Clotilde-810>_22504,", répondit - elle ; je voudrais qu' il me"
Bloy-Leon_La-Femme-pauvre_<Clotilde-810>_22508,; je voudrais qu' il me fût permis de les
Bloy-Leon_La-Femme-pauvre_<Clotilde-810>_22535,a bâties . Leur voisinage me serait plus doux que
Bloy-Leon_La-Femme-pauvre_<Clotilde-810>_22550,"Ce mot parut agir sur Gacougnol , qui se préparait"
Bloy-Leon_La-Femme-pauvre_<Clotilde-810>_22552,"parut agir sur Gacougnol , qui se préparait visiblement à"
Bloy-Leon_La-Femme-pauvre_<Clotilde-810>_22570,main se posa familièrement sur son épaule . – Tiens
Bloy-Leon_La-Femme-pauvre_<Clotilde-810>_22578,"– Tiens ! c' est vous , Marchenoir ! cria"
Bloy-Leon_La-Femme-pauvre_<Clotilde-810>_22580,"! c' est vous , Marchenoir ! cria - t"
Bloy-Leon_La-Femme-pauvre_<Clotilde-810>_22585,Marchenoir ! cria - t - il en se retournant
Bloy-Leon_La-Femme-pauvre_<Clotilde-810>_22591,"il en se retournant . Je pensais à vous ,"
Bloy-Leon_La-Femme-pauvre_<Clotilde-810>_22594,"retournant . Je pensais à vous , il n' y"
Bloy-Leon_La-Femme-pauvre_<Clotilde-810>_22607,instant . Comment diable êtes - vous ici ? –
Bloy-Leon_La-Femme-pauvre_<Clotilde-810>_22612,- vous ici ? – J' y suis presque tous
Bloy-Leon_La-Femme-pauvre_<Clotilde-810>_22621,"tous les jours , répliqua le nouveau venu . Mais"
Bloy-Leon_La-Femme-pauvre_<Clotilde-810>_22629,. Mais comment y êtes - vous vous - même
Bloy-Leon_La-Femme-pauvre_<Clotilde-810>_22631,comment y êtes - vous vous - même ? Je
Bloy-Leon_La-Femme-pauvre_<Clotilde-810>_22635,vous vous - même ? Je vous assure que votre
Bloy-Leon_La-Femme-pauvre_<Clotilde-810>_22636,vous - même ? Je vous assure que votre présence
Bloy-Leon_La-Femme-pauvre_<Clotilde-810>_22639,? Je vous assure que votre présence m' étonne …
Bloy-Leon_La-Femme-pauvre_<Clotilde-810>_22641,vous assure que votre présence m' étonne … A ce
Bloy-Leon_La-Femme-pauvre_<Clotilde-810>_22648,"… A ce moment , ses yeux rencontrèrent Clotilde et"
Bloy-Leon_La-Femme-pauvre_<Clotilde-810>_22657,et devinrent légèrement interrogateurs . Gacougnol fonctionna sur - le
Bloy-Leon_La-Femme-pauvre_<Clotilde-810>_22666,"le - champ . – Ma chère Clotilde , permettez"
Bloy-Leon_La-Femme-pauvre_<Clotilde-810>_22671,"Ma chère Clotilde , permettez - moi de vous présenter"
Bloy-Leon_La-Femme-pauvre_<Clotilde-810>_22701,"de France . Caïn , je recommande à votre admiration"
Bloy-Leon_La-Femme-pauvre_<Clotilde-810>_22709,"votre admiration mademoiselle Clotilde … Maréchal , une amie que"
Bloy-Leon_La-Femme-pauvre_<Clotilde-810>_22714,"Maréchal , une amie que j' ai rencontrée ce matin"
Bloy-Leon_La-Femme-pauvre_<Clotilde-810>_22722,"ce matin , mais que j' ai dû connaître vers"
Bloy-Leon_La-Femme-pauvre_<l' enfant-276>_5303,"coup , la femme avec l' enfant logée d' une"
Bloy-Leon_La-Femme-pauvre_<l' enfant-276>_5437,rentrait pas du tout . La pauvre enfant grandissait comme
Bloy-Leon_La-Femme-pauvre_<l' enfant-276>_5442,La pauvre enfant grandissait comme elle pouvait dans une crainte
Bloy-Leon_La-Femme-pauvre_<l' enfant-276>_5449,"dans une crainte horrible de sa mère , qui la"
Bloy-Leon_La-Femme-pauvre_<l' enfant-276>_5453,"de sa mère , qui la contraignait quelquefois à passer"
Bloy-Leon_La-Femme-pauvre_<l' enfant-276>_5468,", ayant besoin , disait - elle , de trouver"
Bloy-Leon_La-Femme-pauvre_<l' enfant-276>_5492,"accomplie dans le travail . Cette petite fille , qui"
Bloy-Leon_La-Femme-pauvre_<l' enfant-276>_5496,". Cette petite fille , qui devint ainsi , peu"
Bloy-Leon_La-Femme-pauvre_<l' enfant-276>_5527,"longtemps une tremblante admiration pour sa mère , qui ne"
Bloy-Leon_La-Femme-pauvre_<l' enfant-276>_5532,"sa mère , qui ne la battait pas trop ,"
Bloy-Leon_La-Femme-pauvre_<l' enfant-276>_5538,"battait pas trop , qui l' embrassait même , de"
Bloy-Leon_La-Femme-pauvre_<l' enfant-276>_5563,"inquiétante pour une ouvrière , l' étonnait . Elle croyait"
Bloy-Leon_La-Femme-pauvre_<l' enfant-276>_5566,"ouvrière , l' étonnait . Elle croyait naïvement à la"
Bloy-Leon_La-Femme-pauvre_<l' enfant-276>_5580,de cette sacrilège farceuse qui la conduisait une fois par
Bloy-Leon_La-Femme-pauvre_<l' enfant-276>_5590,an sur la tombe de son père mort « sans
Bloy-Leon_La-Femme-pauvre_<l' enfant-276>_5598,"« sans repentir » et lui racontait , avec la"
Bloy-Leon_La-Femme-pauvre_<l' enfant-276>_5620,qui avait méconnu et brisé son cœur . La lumière
Bloy-Leon_La-Femme-pauvre_<l' enfant-276>_5635,"tard , lorsque , travaillant elle - même d' une"
Bloy-Leon_La-Femme-pauvre_<l' enfant-276>_5652,et nourrissant à peu près sa mère qui commençait probablement
Bloy-Leon_La-Femme-pauvre_<l' enfant-276>_5662,"à dégoûter le trottoir , elle la vit , lâchant"
Bloy-Leon_La-Femme-pauvre_<l' enfant-276>_5670,", lâchant tout à coup ses airs augustes , devenir"
Bloy-Leon_La-Femme-pauvre_<l' enfant-276>_5688,voyou dont le seul aspect l' emplissait d' horreur .
Bloy-Leon_La-Femme-pauvre_<l' enfant-276>_5693,l' emplissait d' horreur . La veuve Maréchal ainsi transformée
Bloy-Leon_La-Femme-pauvre_<l' enfant-276>_5728,botte active du chenapan qui l' assommait volontiers . L'
Bloy-Leon_La-Femme-pauvre_<l' enfant-276>_5732,qui l' assommait volontiers . L' odieuse créature qui n'
Bloy-Leon_La-Femme-pauvre_<l' enfant-276>_5735,volontiers . L' odieuse créature qui n' avait jamais aimé
Bloy-Leon_La-Femme-pauvre_<l' enfant-276>_5751,"appartenait corps et âme , jouissait d' être rossée par"
Bloy-Leon_La-Femme-pauvre_<l' enfant-276>_5758,être rossée par lui et aurait fait calciner sa fille
Bloy-Leon_La-Femme-pauvre_<l' enfant-276>_5761,lui et aurait fait calciner sa fille pour lui plaire
Bloy-Leon_La-Femme-pauvre_<l' enfant-276>_5767,fille pour lui plaire . Elle n' était humble que
Bloy-Leon_La-Femme-pauvre_<l' enfant-276>_5781,gardé avec tous les autres ses anciennes manières d' autruche
Bloy-Leon_La-Femme-pauvre_<l' enfant-276>_5787,anciennes manières d' autruche qui la faisaient exécrer . Physiquement
Bloy-Leon_La-Femme-pauvre_<l' enfant-276>_5793,"faisaient exécrer . Physiquement , elle était devenue hideuse ,"
Bloy-Leon_La-Femme-pauvre_<l' enfant-276>_5820,mais qui ne pouvait plus l' offrir désormais qu' en
Bloy-Leon_La-Femme-pauvre_<l' enfant-276>_5900,la constance des suppliciés . Elle était plutôt jolie que
Bloy-Leon_La-Femme-pauvre_<l' enfant-276>_5908,"jolie que belle , mais sa haute taille , légèrement"
Bloy-Leon_La-Femme-pauvre_<l' enfant-276>_5923,"poids des mauvais jours , lui donnait un assez grand"
Bloy-Leon_La-Femme-pauvre_<l' enfant-276>_5936,était la seule chose qu' elle tînt de sa mère
Bloy-Leon_La-Femme-pauvre_<l' enfant-276>_5939,"chose qu' elle tînt de sa mère , dont elle"
Bloy-Leon_La-Femme-pauvre_<l' enfant-276>_5943,"de sa mère , dont elle était le repoussoir angélique"
Bloy-Leon_La-Femme-pauvre_<l' enfant-276>_5953,", et qui contrastait avec elle en disparates infinies ."
Bloy-Leon_La-Femme-pauvre_<l' enfant-276>_5958,elle en disparates infinies . Ses magnifiques cheveux du noir
Bloy-Leon_La-Femme-pauvre_<l' enfant-276>_5967,"noir le plus éclatant , ses vastes yeux de gitane"
Bloy-Leon_La-Femme-pauvre_<l' enfant-276>_5996,", la pâleur douloureuse de son visage enfantin dont les"
Bloy-Leon_La-Femme-pauvre_<l' enfant-276>_6020,enfin la souplesse voluptueuse de ses attitudes et de sa
Bloy-Leon_La-Femme-pauvre_<l' enfant-276>_6024,de ses attitudes et de sa démarche lui avaient valu
Bloy-Leon_La-Femme-pauvre_<l' enfant-276>_6026,attitudes et de sa démarche lui avaient valu la réputation
Bloy-Leon_La-Femme-pauvre_<l' enfant-276>_6046,"eux une tournure espagnole . Pauvre Espagnole , singulièrement timide"
Bloy-Leon_La-Femme-pauvre_<l' enfant-276>_6055,"timide ! A cause de son sourire , on ne"
Bloy-Leon_La-Femme-pauvre_<l' enfant-276>_6061,"sourire , on ne pouvait la regarder sans avoir envie"
Bloy-Leon_La-Femme-pauvre_<l' enfant-276>_6089,", – voltigeaient autour de ses lèvres sans malice qu'"
Bloy-Leon_La-Femme-pauvre_<l' enfant-276>_6106,", tellement le sang de son cœur s' y précipitait"
Bloy-Leon_La-Femme-pauvre_<l' enfant-276>_6149,"prévenance . En 1879 , elle avait environ trente ans"
Bloy-Leon_La-Femme-pauvre_<l' enfant-276>_6171,! Les roses meurtries de son adolescence de galère avaient
Bloy-Leon_La-Femme-pauvre_<l' enfant-276>_6191,"noire du mélancolique jardin de ses rêves , mais ,"
Bloy-Leon_La-Femme-pauvre_<l' enfant-276>_6208,"jeunesse était encore déployé sur elle , comme l' irradiation"
Bloy-Leon_La-Femme-pauvre_<l' enfant-276>_6215,comme l' irradiation lumineuse de son âme que rien n'
Bloy-Leon_La-Femme-pauvre_<l' enfant-276>_6233,qu' un peu de bonheur l' aurait rendue ravissante et
Bloy-Leon_La-Femme-pauvre_<l' enfant-276>_6245,"défaut de joie terrestre , l' humble créature aurait pu"
Bloy-Leon_La-Femme-pauvre_<l' enfant-276>_6304,et l' expérience personnelle de l' infortunée Clotilde était peu
Bloy-Leon_La-Femme-pauvre_<l' enfant-276>_6311,Clotilde était peu capable de la fortifier dans l' espoir
Bloy-Leon_La-Femme-pauvre_<l' enfant-276>_6321,"des consolations humaines . Quand elle entra , la vue"
Bloy-Leon_La-Femme-pauvre_<l' enfant-276>_6328,", la vue de Chapuis la fit reculer instinctivement ."
Bloy-Leon_La-Femme-pauvre_<l' enfant-276>_6333,la fit reculer instinctivement . Ses jolies lèvres frémirent et
Bloy-Leon_La-Femme-pauvre_<l' enfant-276>_6338,Ses jolies lèvres frémirent et elle parut sur le point
Bloy-Leon_La-Femme-pauvre_<l' enfant-276>_6359,", le seul être qu' elle crût avoir le droit"
Bloy-Leon_La-Femme-pauvre_<l' enfant-276>_6376,"d' une épouvantable façon . Elle referma la porte ,"
Bloy-Leon_La-Femme-pauvre_<l' enfant-276>_6384,"porte , cependant , et dit à sa mère ,"
Bloy-Leon_La-Femme-pauvre_<l' enfant-276>_6386,"cependant , et dit à sa mère , en jetant"
Bloy-Leon_La-Femme-pauvre_<l' enfant-276>_6419,se mettre à table et son déjeuner sentait bien bon
Bloy-Leon_La-Femme-pauvre_<l' enfant-276>_6426,sentait bien bon . Mais je savais que tu m'
Bloy-Leon_La-Femme-pauvre_<l' enfant-276>_6430,"Mais je savais que tu m' attendais , petite mère"
Bloy-Leon_La-Femme-pauvre_<l' enfant-276>_6437,", petite mère , et je n' aurais pas osé"
Bloy-Leon_La-Femme-pauvre_<l' enfant-276>_6445,pas osé lui dire que j' avais très faim .
Bloy-Leon_La-Femme-pauvre_<l' enfant-276>_6462,- la vache ! Et tu ne lui as pas
Bloy-Leon_La-Femme-pauvre_<l' enfant-276>_6464,vache ! Et tu ne lui as pas foutu ça
Bloy-Leon_La-Femme-pauvre_<l' enfant-276>_6474,"par la figure , à cet' Héloïse du champ de"
Bloy-Leon_La-Femme-pauvre_<l' enfant-276>_6481,"du champ de navets , qui a gagné plus de"
Bloy-Leon_La-Femme-pauvre_<l' enfant-276>_6496,mettre sur le dos avec sa sale carne à cochons
Bloy-Leon_La-Femme-pauvre_<l' enfant-276>_6504,"à cochons ? Vrai ! t' es pas dégourdie ,"
Bloy-Leon_La-Femme-pauvre_<l' enfant-276>_6524,pour dilater son gueuloir et la doléance apitoyée de la
Bloy-Leon_La-Femme-pauvre_<l' enfant-276>_6541,"vieux paillasse , à décourager la muse de l' ignominie"
Bloy-Leon_La-Femme-pauvre_<l' enfant-276>_6551,. Les joues pâles de Clotilde étaient déjà pourpres et
Bloy-Leon_La-Femme-pauvre_<l' enfant-276>_6560,et les sombres lacs de ses yeux si doux flamboyèrent
Bloy-Leon_La-Femme-pauvre_<l' enfant-276>_6573,"abord , cria - t - elle , je ne"
Bloy-Leon_La-Femme-pauvre_<l' enfant-276>_6576,"- t - elle , je ne suis pas votre"
Bloy-Leon_La-Femme-pauvre_<l' enfant-276>_6586,"fille , Dieu merci et je vous défends de me"
Bloy-Leon_La-Femme-pauvre_<l' enfant-276>_6590,et je vous défends de me parler comme si vous
Bloy-Leon_La-Femme-pauvre_<l' enfant-276>_6596,parler comme si vous étiez mon père . Et puis
Bloy-Leon_La-Femme-pauvre_<l' enfant-276>_6602,"père . Et puis , ma marraine est une honnête"
Bloy-Leon_La-Femme-pauvre_<l' enfant-276>_6659,", entendez - vous ? J' en ai assez ,"
Bloy-Leon_La-Femme-pauvre_<l' enfant-276>_6664,"J' en ai assez , moi aussi , de votre"
Bloy-Leon_La-Femme-pauvre_<l' enfant-276>_6684,"pas content de ce que je vous dis , j'"
Bloy-Leon_La-Femme-pauvre_<l' enfant-276>_6688,"que je vous dis , j' aurai bientôt fait de"
Bloy-Leon_La-Femme-pauvre_<l' enfant-276>_6703,"baraque de malheur , quand je devrais mourir dans la"
Bloy-Leon_La-Femme-pauvre_<l' enfant-276>_6710,"mourir dans la rue ! La vieille , à son"
Bloy-Leon_La-Femme-pauvre_<l' enfant-276>_6714,"! La vieille , à son tour , s' élança"
Bloy-Leon_La-Femme-pauvre_<l' enfant-276>_6724,entre les deux adversaires et profita de l' occasion pour
Bloy-Leon_La-Femme-pauvre_<l' enfant-276>_6736,"grand jeu pathétique inventé par elle , qui consistait à"
Bloy-Leon_La-Femme-pauvre_<l' enfant-276>_6749,"tons , en ramant de ses deux mains jointes ,"
Bloy-Leon_La-Femme-pauvre_<l' enfant-276>_6766,en Occident . – - mon enfant ! est -
Bloy-Leon_La-Femme-pauvre_<l' enfant-276>_6774,est - ce ainsi que tu oses parler à celui
Bloy-Leon_La-Femme-pauvre_<l' enfant-276>_6791,adoucir les derniers jours de ta pauvre mère qui s'
Bloy-Leon_La-Femme-pauvre_<l' enfant-276>_6799,"qui s' est sacrifiée pour toi ? Moi aussi ,"
Bloy-Leon_La-Femme-pauvre_<l' enfant-276>_6801,"est sacrifiée pour toi ? Moi aussi , j' ai"
Bloy-Leon_La-Femme-pauvre_<l' enfant-276>_6804,"toi ? Moi aussi , j' ai été belle dans"
Bloy-Leon_La-Femme-pauvre_<l' enfant-276>_6809,j' ai été belle dans ma jeunesse et j' aurais
Bloy-Leon_La-Femme-pauvre_<l' enfant-276>_6812,belle dans ma jeunesse et j' aurais pu m' amuser
Bloy-Leon_La-Femme-pauvre_<l' enfant-276>_6833,"fille de rien , si j' avais écouté le Tentateur"
Bloy-Leon_La-Femme-pauvre_<l' enfant-276>_6840,écouté le Tentateur . Mais j' ai su me ranger
Bloy-Leon_La-Femme-pauvre_<l' enfant-276>_6846,ai su me ranger à mon devoir et je me
Bloy-Leon_La-Femme-pauvre_<l' enfant-276>_6849,ranger à mon devoir et je me suis immolée à
Bloy-Leon_La-Femme-pauvre_<l' enfant-276>_6854,je me suis immolée à ton père . Que le
Bloy-Leon_La-Femme-pauvre_<l' enfant-276>_6865,Dieu et tous ses saints me préservent d' accuser le
Bloy-Leon_La-Femme-pauvre_<l' enfant-276>_6876,devant sa fille ! Mais je prends le ciel à
Bloy-Leon_La-Femme-pauvre_<l' enfant-276>_6885,à témoin des douleurs que m' a fait endurer cet
Bloy-Leon_La-Femme-pauvre_<l' enfant-276>_6896,sanguinaire qui se baignait dans mes larmes et se repaissait
Bloy-Leon_La-Femme-pauvre_<l' enfant-276>_6902,larmes et se repaissait de mes tourments . Ce que
Bloy-Leon_La-Femme-pauvre_<l' enfant-276>_6907,"mes tourments . Ce que mon cœur a souffert ,"
Bloy-Leon_La-Femme-pauvre_<l' enfant-276>_6917,c' est un secret que j' emporterai avec moi dans
Bloy-Leon_La-Femme-pauvre_<l' enfant-276>_6920,secret que j' emporterai avec moi dans la tombe .
Bloy-Leon_La-Femme-pauvre_<l' enfant-276>_6925,moi dans la tombe . OClotilde ! épargne le cœur
Bloy-Leon_La-Femme-pauvre_<l' enfant-276>_6932,épargne le cœur brisé de ta sainte mère . N'
Bloy-Leon_La-Femme-pauvre_<l' enfant-276>_6939,mère . N' augmente pas son martyre . Respecte aussi
Bloy-Leon_La-Femme-pauvre_<l' enfant-276>_6953,ce noble ami qui doit me fermer les yeux .
Bloy-Leon_La-Femme-pauvre_<l' enfant-276>_6959,"fermer les yeux . Et toi , mon consolateur ,"
Bloy-Leon_La-Femme-pauvre_<l' enfant-276>_6961,"yeux . Et toi , mon consolateur , mon dernier"
Bloy-Leon_La-Femme-pauvre_<l' enfant-276>_6964,"toi , mon consolateur , mon dernier amour , pardonne"
Bloy-Leon_La-Femme-pauvre_<l' enfant-276>_6970,"dernier amour , pardonne à cette enfant qui ne te"
Bloy-Leon_La-Femme-pauvre_<l' enfant-276>_6972,", pardonne à cette enfant qui ne te connaît pas"
Bloy-Leon_La-Femme-pauvre_<l' enfant-276>_6974,à cette enfant qui ne te connaît pas . Montre
Bloy-Leon_La-Femme-pauvre_<l' enfant-276>_6979,te connaît pas . Montre - toi généreux pour qu'
Bloy-Leon_La-Femme-pauvre_<l' enfant-276>_6984,- toi généreux pour qu' elle apprenne à te chérir
Bloy-Leon_La-Femme-pauvre_<l' enfant-276>_6987,pour qu' elle apprenne à te chérir et à t'
Bloy-Leon_La-Femme-pauvre_<l' enfant-276>_6991,à te chérir et à t' adorer . - mon
Bloy-Leon_La-Femme-pauvre_<l' enfant-276>_6995,"à t' adorer . - mon Zizi , ô ma"
Bloy-Leon_La-Femme-pauvre_<l' enfant-276>_6999,"- mon Zizi , ô ma Cloclo bien - aimée"
Bloy-Leon_La-Femme-pauvre_<l' enfant-276>_7006,"bien - aimée , vous m' abreuvez de fiel et"
Bloy-Leon_La-Femme-pauvre_<l' enfant-276>_7014,"fiel et d' absinthe , vous rouvrez toutes mes blessures"
Bloy-Leon_La-Femme-pauvre_<l' enfant-276>_7017,"absinthe , vous rouvrez toutes mes blessures , vos querelles"
Bloy-Leon_La-Femme-pauvre_<l' enfant-276>_7020,"rouvrez toutes mes blessures , vos querelles redoublent en moi"
Bloy-Leon_La-Femme-pauvre_<l' enfant-276>_7024,", vos querelles redoublent en moi le désir de mon"
Bloy-Leon_La-Femme-pauvre_<l' enfant-276>_7028,"en moi le désir de mon éternelle patrie , où"
Bloy-Leon_La-Femme-pauvre_<l' enfant-276>_7036,", où les anges tressent ma couronne . Tuez -"
Bloy-Leon_La-Femme-pauvre_<l' enfant-276>_7039,anges tressent ma couronne . Tuez - moi plutôt .
Bloy-Leon_La-Femme-pauvre_<l' enfant-276>_7040,tressent ma couronne . Tuez - moi plutôt . Tenez
Bloy-Leon_La-Femme-pauvre_<l' enfant-276>_7044,Tuez - moi plutôt . Tenez ! je m' offre
Bloy-Leon_La-Femme-pauvre_<l' enfant-276>_7046,moi plutôt . Tenez ! je m' offre en holocauste
Bloy-Leon_La-Femme-pauvre_<l' enfant-276>_7052,m' offre en holocauste . Me voici entre vous deux
Bloy-Leon_La-Femme-pauvre_<l' enfant-276>_7063,Et la papelarde sinistre abaissant son chef déplumé dans la
Bloy-Leon_La-Femme-pauvre_<l' enfant-276>_7071,"dans la direction présumée de son fameux cœur , se"
Bloy-Leon_La-Femme-pauvre_<l' enfant-276>_7086,"d' une croix invisible , lança ses immenses bras vers"
Bloy-Leon_La-Femme-pauvre_<l' enfant-276>_7087,"une croix invisible , lança ses immenses bras vers l'"
Bloy-Leon_La-Femme-pauvre_<l' enfant-276>_7091,lança ses immenses bras vers l' un et l' autre
Bloy-Leon_La-Femme-pauvre_<l' enfant-276>_7103,geste suprême et définitif qui la fit ressembler à quelque
Bloy-Leon_La-Femme-pauvre_<l' enfant-276>_7168,agir sur la volonté de la jeune femme qu' une
Bloy-Leon_La-Femme-pauvre_<l' enfant-276>_7171,volonté de la jeune femme qu' une brutalité nouvelle pouvait
Bloy-Leon_La-Femme-pauvre_<l' enfant-276>_7179,nouvelle pouvait rendre indomptable et qui aurait assurément défendu sa
Bloy-Leon_La-Femme-pauvre_<l' enfant-276>_7183,"et qui aurait assurément défendu sa mère contre lui ,"
Bloy-Leon_La-Femme-pauvre_<l' enfant-276>_7189,"mère contre lui , malgré sa honte infinie de la"
Bloy-Leon_La-Femme-pauvre_<l' enfant-276>_7193,malgré sa honte infinie de la trouver si menteuse et
Bloy-Leon_La-Femme-pauvre_<l' enfant-276>_7224,"! c' est bien , la vieille , tu peux"
Bloy-Leon_La-Femme-pauvre_<l' enfant-276>_7227,"bien , la vieille , tu peux aller t' asseoir"
Bloy-Leon_La-Femme-pauvre_<l' enfant-276>_7238,Personne n' a envie de te démolir . On a
Bloy-Leon_La-Femme-pauvre_<l' enfant-276>_7253,"jusqu' à Noël , si tu peux mettre , d'"
Bloy-Leon_La-Femme-pauvre_<l' enfant-276>_7266,un peu de margarine sur tes abatis . Mademoiselle Clotilde
Bloy-Leon_La-Femme-pauvre_<l' enfant-276>_7269,"margarine sur tes abatis . Mademoiselle Clotilde , ajouta -"
Bloy-Leon_La-Femme-pauvre_<l' enfant-276>_7286,"blague aussitôt réprimée , donnez - vous donc la peine"
Bloy-Leon_La-Femme-pauvre_<l' enfant-276>_7296,"de prendre une chaise , vous savez qu' on ne"
Bloy-Leon_La-Femme-pauvre_<l' enfant-276>_7305,ne les paie pas . Vous m' avez mécanisé tout
Bloy-Leon_La-Femme-pauvre_<l' enfant-276>_7317,"heure , mais je ne vous en veux pas ."
Bloy-Leon_La-Femme-pauvre_<l' enfant-276>_7339,"est - ce pas , la mère ? Ca entretient"
Bloy-Leon_La-Femme-pauvre_<l' enfant-276>_7347,Ca entretient l' amitié . Vous m' avez traité de
Bloy-Leon_La-Femme-pauvre_<l' enfant-276>_7409,de tort à personne . Ta mère non plus ne
Bloy-Leon_La-Femme-pauvre_<l' enfant-276>_7432,ça que j' avais à te dire . Il y
Bloy-Leon_La-Femme-pauvre_<l' enfant-276>_7440,Il y a que je t' ai trouvé une position
Bloy-Leon_La-Femme-pauvre_<l' enfant-276>_7454,bien payé . Ca ne te crèvera pas de faire
Bloy-Leon_La-Femme-pauvre_<l' enfant-276>_7460,crèvera pas de faire voir ta peau à un peintre
Bloy-Leon_La-Femme-pauvre_<l' enfant-276>_7506,"bêtises . D' abord , la vieille n' aurait pas"
Bloy-Leon_La-Femme-pauvre_<l' enfant-276>_7544,"dignité . Si ce particulier te manquait de respect ,"
Bloy-Leon_La-Femme-pauvre_<l' enfant-276>_7559,"moi , Isidore Chapuis ! Tu pourras lui dire ça"
Bloy-Leon_La-Femme-pauvre_<l' enfant-276>_7666,il ne faudrait pas faire ta tête de Mademoiselle Tout
Bloy-Leon_La-Femme-pauvre_<l' enfant-276>_7680,. On ne veut pas te manger . On ne
Bloy-Leon_La-Femme-pauvre_<l' enfant-276>_7685,te manger . On ne te demande que d' être
Bloy-Leon_La-Femme-pauvre_<l' enfant-276>_7701,et de nous aider à ton tour . C' est
Bloy-Leon_La-Femme-pauvre_<l' enfant-276>_7712,", pas vrai ? On t' a pas laissé manquer"
Bloy-Leon_La-Femme-pauvre_<l' enfant-276>_7722,"du nécessaire , depuis que t' es sortie de l'"
Bloy-Leon_La-Femme-pauvre_<l' enfant-276>_7730,de l' hôpital et que tu te croises les bras
Bloy-Leon_La-Femme-pauvre_<l' enfant-276>_7740,toute la sainte journée … La tremblante Clotilde était comme
Bloy-Leon_La-Femme-pauvre_<l' enfant-276>_7758,. La scène grotesque de sa mère avait éteint sa
Bloy-Leon_La-Femme-pauvre_<l' enfant-276>_7762,de sa mère avait éteint sa faible colère et glacé
Bloy-Leon_La-Femme-pauvre_<l' enfant-276>_7767,sa faible colère et glacé son âme . Un dégoût
Bloy-Leon_La-Femme-pauvre_<l' enfant-276>_7777,immense et une humiliation infinie la tenaient immobile sous le
Bloy-Leon_La-Femme-pauvre_<l' enfant-276>_7790,du misérable dont le langage l' épouvantait en la profanant
Bloy-Leon_La-Femme-pauvre_<l' enfant-276>_7793,le langage l' épouvantait en la profanant . Il y
Bloy-Leon_La-Femme-pauvre_<l' enfant-276>_7800,. Il y avait en elle une trop ancienne acceptation
Bloy-Leon_La-Femme-pauvre_<l' enfant-276>_7809,acceptation des amertumes pour que ses révoltes fussent désormais autre
Bloy-Leon_La-Femme-pauvre_<l' enfant-276>_7830,"Puis , les derniers mots l' accablaient . Elle s'"
Bloy-Leon_La-Femme-pauvre_<l' enfant-276>_7833,derniers mots l' accablaient . Elle s' accusait d' avoir
Bloy-Leon_La-Femme-pauvre_<l' enfant-276>_7896,"à palette , faire toiser son corps du matin au"
Bloy-Leon_La-Femme-pauvre_<l' enfant-276>_7924,"que la prostitution , mais elle se demandait si ce"
Bloy-Leon_La-Femme-pauvre_<l' enfant-276>_7936,pas encore plus bas . Elle se souvenait très bien
Bloy-Leon_La-Femme-pauvre_<l' enfant-276>_7971,ouverture des ateliers . Elles lui avaient paru horribles de
Bloy-Leon_La-Femme-pauvre_<l' enfant-276>_7989,"torpeur accroupie , et il lui avait semblé que le"
Bloy-Leon_La-Femme-pauvre_<l' enfant-276>_8034,", sans doute , puisqu' elle avait dû renoncer à"
Bloy-Leon_La-Femme-pauvre_<l' enfant-276>_8039,"elle avait dû renoncer à son métier de doreuse ,"
Bloy-Leon_La-Femme-pauvre_<l' enfant-276>_8047,"doreuse , qui avait failli lui coûter la vie ,"
Bloy-Leon_La-Femme-pauvre_<l' enfant-276>_8059,ayant perdu force et courage elle n' était plus bonne
Bloy-Leon_La-Femme-pauvre_<l' enfant-276>_8084,"cheveux dans les immondices . Elle ne répondit pas ,"
Bloy-Leon_La-Femme-pauvre_<l' enfant-276>_8091,"répondit pas , s' étonnant elle - même d' être"
Bloy-Leon_La-Femme-pauvre_<l' enfant-276>_8106,". Accablée de lassitude , elle parut s' incliner ."
Bloy-Leon_La-Femme-pauvre_<l' enfant-276>_8122,"la bataille gagnée , vint lui prendre la tête entre"
Bloy-Leon_La-Femme-pauvre_<l' enfant-276>_8156,"actives actions de grâces pour le remercier , comme il"
Bloy-Leon_La-Femme-pauvre_<l' enfant-276>_8169,avoir attendri le cœur de sa fille . A ce
Bloy-Leon_La-Femme-pauvre_<l' enfant-276>_8192,"l' urgence était extrême et disparut , laissant quelques centimes"
Bloy-Leon_La-Femme-pauvre_<l' enfant-276>_8294,"dire depuis la ruine de Chapuis . Auparavant , on"
Bloy-Leon_La-Femme-pauvre_<Clotilde-725>_16155,"immédiatement sur lui . Voyant Clotilde suffoquée , incapable de"
Bloy-Leon_La-Femme-pauvre_<Clotilde-725>_16163,"incapable de répondre , il lui tendit les deux mains"
Bloy-Leon_La-Femme-pauvre_<Clotilde-725>_16169,tendit les deux mains pour l' aider à se relever
Bloy-Leon_La-Femme-pauvre_<Clotilde-725>_16175,aider à se relever et lui parlant avec une sorte
Bloy-Leon_La-Femme-pauvre_<Clotilde-725>_16185,"de tendresse : – Couvrez vos épaules , dit -"
Bloy-Leon_La-Femme-pauvre_<Clotilde-725>_16216,"de vieux camarades . Ne me parlez pas encore ,"
Bloy-Leon_La-Femme-pauvre_<Clotilde-725>_16223,"pas encore , épongez seulement vos yeux une bonne fois"
Bloy-Leon_La-Femme-pauvre_<Clotilde-725>_16229,"yeux une bonne fois , je vous prie . J'"
Bloy-Leon_La-Femme-pauvre_<Clotilde-725>_16233,", je vous prie . J' ai beau être une"
Bloy-Leon_La-Femme-pauvre_<Clotilde-725>_16237,". J' ai beau être une espèce de brute ,"
Bloy-Leon_La-Femme-pauvre_<Clotilde-725>_16242,"une espèce de brute , je ne peux pas voir"
Bloy-Leon_La-Femme-pauvre_<Clotilde-725>_16254,C' est plus fort que moi … Voyons ! ça
Bloy-Leon_La-Femme-pauvre_<Clotilde-725>_16259,moi … Voyons ! ça vous fait peur de poser
Bloy-Leon_La-Femme-pauvre_<Clotilde-725>_16280,"comprends , et si je vous avais mieux regardée quand"
Bloy-Leon_La-Femme-pauvre_<Clotilde-725>_16285,"vous avais mieux regardée quand vous êtes venue , je"
Bloy-Leon_La-Femme-pauvre_<Clotilde-725>_16290,"vous êtes venue , je vous aurais parlé autrement ."
Bloy-Leon_La-Femme-pauvre_<Clotilde-725>_16312,qui veut ça . Si vous saviez les traînées qui
Bloy-Leon_La-Femme-pauvre_<Clotilde-725>_16346,"ôter leur chemise , je vous en réponds , et"
Bloy-Leon_La-Femme-pauvre_<Clotilde-725>_16373,d' une autre manière . Vous m' avez vu tout
Bloy-Leon_La-Femme-pauvre_<Clotilde-725>_16388,fier imbécile . Que voulez - vous ? On finit
Bloy-Leon_La-Femme-pauvre_<Clotilde-725>_16418,"assez mal … Enfin , vous n' êtes plus fâchée"
Bloy-Leon_La-Femme-pauvre_<Clotilde-725>_16431,"Ah ! certes non , elle n' était plus fâchée"
Bloy-Leon_La-Femme-pauvre_<Clotilde-725>_16437,"n' était plus fâchée , la pauvre fille , si"
Bloy-Leon_La-Femme-pauvre_<Clotilde-725>_16442,"la pauvre fille , si elle avait pu l' être"
Bloy-Leon_La-Femme-pauvre_<Clotilde-725>_16448,avait pu l' être . Elle sentait si bien la
Bloy-Leon_La-Femme-pauvre_<Clotilde-725>_16465,accusait lui - même pour la rassurer ! Mais il
Bloy-Leon_La-Femme-pauvre_<Clotilde-725>_16471,rassurer ! Mais il ne lui laissa pas le temps
Bloy-Leon_La-Femme-pauvre_<Clotilde-725>_16489,", s' il faut tout vous dire , vous étiez"
Bloy-Leon_La-Femme-pauvre_<Clotilde-725>_16492,"faut tout vous dire , vous étiez assez mal recommandée"
Bloy-Leon_La-Femme-pauvre_<Clotilde-725>_16509,". Ce n' est pas votre père , n' est"
Bloy-Leon_La-Femme-pauvre_<Clotilde-725>_16520,ce pas ? … – Mon père ! cria -
Bloy-Leon_La-Femme-pauvre_<Clotilde-725>_16526,"père ! cria - t - elle en bondissant ,"
Bloy-Leon_La-Femme-pauvre_<Clotilde-725>_16544,ce qu' il a osé vous le dire … –
Bloy-Leon_La-Femme-pauvre_<Clotilde-725>_16557,"- vous , il ne me l' a pas dit"
Bloy-Leon_La-Femme-pauvre_<Clotilde-725>_16566,"dit , mais il ne m' a pas dit ,"
Bloy-Leon_La-Femme-pauvre_<Clotilde-725>_16579,le contraire … Oui ! j' y suis . C'
Bloy-Leon_La-Femme-pauvre_<Clotilde-725>_16588,C' est le consolateur de madame votre mère . Ah
Bloy-Leon_La-Femme-pauvre_<Clotilde-725>_16589,est le consolateur de madame votre mère . Ah !
Bloy-Leon_La-Femme-pauvre_<Clotilde-725>_16594,votre mère . Ah ! ma pauvre enfant ! …
Bloy-Leon_La-Femme-pauvre_<Clotilde-725>_16612,"et sans la lettre de votre propriétaire , qui est"
Bloy-Leon_La-Femme-pauvre_<Clotilde-725>_16617,"votre propriétaire , qui est mon vieil ami , je"
Bloy-Leon_La-Femme-pauvre_<Clotilde-725>_16621,"est mon vieil ami , je ne l' aurais certes"
Bloy-Leon_La-Femme-pauvre_<Clotilde-725>_16633,. Le drôle parlait de vous comme d' une marchandise
Bloy-Leon_La-Femme-pauvre_<Clotilde-725>_16639,comme d' une marchandise . J' ai même cru démêler
Bloy-Leon_La-Femme-pauvre_<Clotilde-725>_16649,d' obscures intentions qui ne m' ont pas paru fleurer
Bloy-Leon_La-Femme-pauvre_<Clotilde-725>_16665,a fini par essayer de me soutirer de l' argent
Bloy-Leon_La-Femme-pauvre_<Clotilde-725>_16671,soutirer de l' argent et je m' admire de ne
Bloy-Leon_La-Femme-pauvre_<Clotilde-725>_16686,"rudement à la porte . Vous comprendrez , ma chère"
Bloy-Leon_La-Femme-pauvre_<Clotilde-725>_16689,"porte . Vous comprendrez , ma chère petite , que"
Bloy-Leon_La-Femme-pauvre_<Clotilde-725>_16696,"petite , que ce préambule me disposait mal à vous"
Bloy-Leon_La-Femme-pauvre_<Clotilde-725>_16700,préambule me disposait mal à vous octroyer de superlatives révérences
Bloy-Leon_La-Femme-pauvre_<Clotilde-725>_16715,plus . Voici ce que je vous propose . Voulez
Bloy-Leon_La-Femme-pauvre_<Clotilde-725>_16716,. Voici ce que je vous propose . Voulez -
Bloy-Leon_La-Femme-pauvre_<Clotilde-725>_16720,je vous propose . Voulez - vous poser pour la
Bloy-Leon_La-Femme-pauvre_<Clotilde-725>_16728,pour la tête seulement ? Vous avez une figure de
Bloy-Leon_La-Femme-pauvre_<Clotilde-725>_16735,une figure de sainte que je cherche depuis des mois
Bloy-Leon_La-Femme-pauvre_<Clotilde-725>_16741,cherche depuis des mois . Je vous offre trois francs
Bloy-Leon_La-Femme-pauvre_<Clotilde-725>_16742,depuis des mois . Je vous offre trois francs par
Bloy-Leon_La-Femme-pauvre_<Clotilde-725>_16750,francs par heure . Ca vous va - t -
Bloy-Leon_La-Femme-pauvre_<Clotilde-725>_16757,- t - il ? Remarquez bien que c' est
Bloy-Leon_La-Femme-pauvre_<Clotilde-725>_16765,c' est un service que je vous demande … Clotilde
Bloy-Leon_La-Femme-pauvre_<Clotilde-725>_16766,est un service que je vous demande … Clotilde croyait
Bloy-Leon_La-Femme-pauvre_<Clotilde-725>_16805,"- Dame des Paternités , elle n' aurait pu s'"
Bloy-Leon_La-Femme-pauvre_<Clotilde-725>_16822,"quelque hideuse mystification . – Monsieur , dit - elle"
Bloy-Leon_La-Femme-pauvre_<Clotilde-725>_16825,". – Monsieur , dit - elle enfin , je"
Bloy-Leon_La-Femme-pauvre_<Clotilde-725>_16829,"dit - elle enfin , je suis une très pauvre"
Bloy-Leon_La-Femme-pauvre_<Clotilde-725>_16831,"elle enfin , je suis une très pauvre fille et"
Bloy-Leon_La-Femme-pauvre_<Clotilde-725>_16836,une très pauvre fille et je ne sais pas m'
Bloy-Leon_La-Femme-pauvre_<Clotilde-725>_16845,m' exprimer convenablement . Si vous pouviez voir dans mon
Bloy-Leon_La-Femme-pauvre_<Clotilde-725>_16849,"Si vous pouviez voir dans mon cœur , si vous"
Bloy-Leon_La-Femme-pauvre_<Clotilde-725>_16853,"dans mon cœur , si vous connaissiez ma vie surtout"
Bloy-Leon_La-Femme-pauvre_<Clotilde-725>_16855,"cœur , si vous connaissiez ma vie surtout , vous"
Bloy-Leon_La-Femme-pauvre_<Clotilde-725>_16859,"connaissiez ma vie surtout , vous comprendriez ce que j'"
Bloy-Leon_La-Femme-pauvre_<Clotilde-725>_16863,", vous comprendriez ce que j' éprouve . J' avais"
Bloy-Leon_La-Femme-pauvre_<Clotilde-725>_16866,ce que j' éprouve . J' avais si grand' peur
Bloy-Leon_La-Femme-pauvre_<Clotilde-725>_16872,avais si grand' peur de vous ! Je suis venue
Bloy-Leon_La-Femme-pauvre_<Clotilde-725>_16874,grand' peur de vous ! Je suis venue comme les
Bloy-Leon_La-Femme-pauvre_<Clotilde-725>_16886,dans l' enfer . Pardonnez - moi de vous avoir
Bloy-Leon_La-Femme-pauvre_<Clotilde-725>_16889,. Pardonnez - moi de vous avoir ennuyé de mon
Bloy-Leon_La-Femme-pauvre_<Clotilde-725>_16893,"de vous avoir ennuyé de mon pleurnichage , et si"
Bloy-Leon_La-Femme-pauvre_<Clotilde-725>_16898,"mon pleurnichage , et si vous pouvez vous contenter de"
Bloy-Leon_La-Femme-pauvre_<Clotilde-725>_16903,"vous pouvez vous contenter de ma figure triste , je"
Bloy-Leon_La-Femme-pauvre_<Clotilde-725>_16907,"de ma figure triste , je suis bien , bien"
Bloy-Leon_La-Femme-pauvre_<Clotilde-725>_16920,"donc , jamais on ne m' adresse une parole de"
Bloy-Leon_La-Femme-pauvre_<Clotilde-725>_16942,"prévoir ni l' empêcher , elle lui prit la main"
Bloy-Leon_La-Femme-pauvre_<Clotilde-725>_16943,"ni l' empêcher , elle lui prit la main et"
Bloy-Leon_La-Femme-pauvre_<Clotilde-725>_16948,lui prit la main et la baisa . Ce mouvement
Bloy-Leon_La-Femme-pauvre_<Clotilde-725>_17017,"de sentiment , s' il vous plaît , Mademoiselle ,"
Bloy-Leon_La-Femme-pauvre_<Clotilde-725>_17020,"s' il vous plaît , Mademoiselle , et au travail"
Bloy-Leon_La-Femme-pauvre_<Clotilde-725>_17035,"en pleine lumière , que j' étudie votre pose ."
Bloy-Leon_La-Femme-pauvre_<Clotilde-725>_17037,"lumière , que j' étudie votre pose . Levez les"
Bloy-Leon_La-Femme-pauvre_<Clotilde-725>_17057,", au - dessus de votre tête … Oui …"
Bloy-Leon_La-Femme-pauvre_<Clotilde-725>_17078,", mais quel poncif ! mes enfants ! Quelle bondieuserie"
Bloy-Leon_La-Femme-pauvre_<Clotilde-725>_17113,élus ! Que diable pourrais - je bien lui faire
Bloy-Leon_La-Femme-pauvre_<Clotilde-725>_17116,diable pourrais - je bien lui faire regarder à sainte
Bloy-Leon_La-Femme-pauvre_<Clotilde-725>_17156,spectateur d' aucun martyre ! Lui ferai - je regarder
Bloy-Leon_La-Femme-pauvre_<Clotilde-725>_17158,aucun martyre ! Lui ferai - je regarder la multitude
Bloy-Leon_La-Femme-pauvre_<Clotilde-725>_17208,Il est vrai qu' en la supposant incapable de crainte
Bloy-Leon_La-Femme-pauvre_<Clotilde-725>_17214,"supposant incapable de crainte , j' aurais encore la ressource"
Bloy-Leon_La-Femme-pauvre_<Clotilde-725>_17220,aurais encore la ressource de lui faire exhorter le populo
Bloy-Leon_La-Femme-pauvre_<Clotilde-725>_17288,"Et puis , après ? Elle est debout , c'"
Bloy-Leon_La-Femme-pauvre_<Clotilde-725>_17313,qu' est - ce que je vais faire des bras
Bloy-Leon_La-Femme-pauvre_<Clotilde-725>_17323,? des deux bras ? ô juste Juge ! …
Bloy-Leon_La-Femme-pauvre_<Clotilde-725>_17325,deux bras ? ô juste Juge ! … Impossible de
Bloy-Leon_La-Femme-pauvre_<Clotilde-725>_17334,de les couper . On me demanderait si c' est
Bloy-Leon_La-Femme-pauvre_<Clotilde-725>_17337,. On me demanderait si c' est le martyre de
Bloy-Leon_La-Femme-pauvre_<Clotilde-725>_17339,me demanderait si c' est le martyre de la Vénus
Bloy-Leon_La-Femme-pauvre_<Clotilde-725>_17368,"Ah ! zut … Dites - moi , mon enfant"
Bloy-Leon_La-Femme-pauvre_<Clotilde-725>_17371,"… Dites - moi , mon enfant , … quel"
Bloy-Leon_La-Femme-pauvre_<Clotilde-725>_17392,". – Eh bien ! Mademoiselle Clotilde , ou Clotilde"
Bloy-Leon_La-Femme-pauvre_<Clotilde-725>_17396,"! Mademoiselle Clotilde , ou Clotilde tout court , si"
Bloy-Leon_La-Femme-pauvre_<Clotilde-725>_17401,"Clotilde tout court , si vous le permettez , vous"
Bloy-Leon_La-Femme-pauvre_<Clotilde-725>_17405,"si vous le permettez , vous allez peut - être"
Bloy-Leon_La-Femme-pauvre_<Clotilde-725>_17410,vous allez peut - être me donner une idée .
Bloy-Leon_La-Femme-pauvre_<Clotilde-725>_17415,me donner une idée . J' ai à peindre une
Bloy-Leon_La-Femme-pauvre_<Clotilde-725>_17419,. J' ai à peindre une petite martyre qui va
Bloy-Leon_La-Femme-pauvre_<Clotilde-725>_17422,à peindre une petite martyre qui va être mangée par
Bloy-Leon_La-Femme-pauvre_<Clotilde-725>_17434,. Mettez - vous à sa place ? Que feriez
Bloy-Leon_La-Femme-pauvre_<Clotilde-725>_17446,si vous étiez exactement à sa place ? Faites bien
Bloy-Leon_La-Femme-pauvre_<Clotilde-725>_17457,"qu' il s' agit d' une vraie sainte , qui"
Bloy-Leon_La-Femme-pauvre_<Clotilde-725>_17461,"d' une vraie sainte , qui est déjà aussi dévorée"
Bloy-Leon_La-Femme-pauvre_<Clotilde-725>_17483,"une belle palme , et qui n' a pas peur"
Bloy-Leon_La-Femme-pauvre_<Clotilde-725>_17510,premier coup de griffe ? Clotilde put à peine s'
Bloy-Leon_La-Femme-pauvre_<Clotilde-725>_17521,de sourire en songeant à sa mère dont le célèbre
Bloy-Leon_La-Femme-pauvre_<Clotilde-725>_17529,le célèbre martyre avait saturé son enfance . A son
Bloy-Leon_La-Femme-pauvre_<Clotilde-725>_17533,"saturé son enfance . A son propre insu , l'"
Bloy-Leon_La-Femme-pauvre_<Clotilde-725>_17554,"de toutes les scènes de sa vie , avait mis"
Bloy-Leon_La-Femme-pauvre_<Clotilde-725>_17560,"vie , avait mis en elle une convoitise extrême ,"
Bloy-Leon_La-Femme-pauvre_<Clotilde-725>_17574,simplicité et de vérité . Sa naïve réponse ne se
Bloy-Leon_La-Femme-pauvre_<Clotilde-725>_17591,"foi ! Monsieur Gacougnol , je n' ai jamais pensé"
Bloy-Leon_La-Femme-pauvre_<Clotilde-725>_17603,de semblable . Même quand j' étais meilleure que je
Bloy-Leon_La-Femme-pauvre_<Clotilde-725>_17607,quand j' étais meilleure que je ne suis aujourd' hui
Bloy-Leon_La-Femme-pauvre_<Clotilde-725>_17613,"ne suis aujourd' hui , je n' ai jamais cru"
Bloy-Leon_La-Femme-pauvre_<Clotilde-725>_17621,jamais cru que Dieu pourrait m' appeler à lui rendre
Bloy-Leon_La-Femme-pauvre_<Clotilde-725>_17637,", la chose que vous me demandez me paraît bien"
Bloy-Leon_La-Femme-pauvre_<Clotilde-725>_17639,chose que vous me demandez me paraît bien simple .
Bloy-Leon_La-Femme-pauvre_<Clotilde-725>_17645,"paraît bien simple . Si j' étais une sainte ,"
Bloy-Leon_La-Femme-pauvre_<Clotilde-725>_17673,"monde , et qu' il me fallut mourir sous la"
Bloy-Leon_La-Femme-pauvre_<Clotilde-725>_17682,"la dent des bêtes , je crois , malgré tout"
Bloy-Leon_La-Femme-pauvre_<Clotilde-725>_17689,", malgré tout , que j' aurais très peur ."
Bloy-Leon_La-Femme-pauvre_<Clotilde-725>_17708,", dans la gloire de mon Bien - Aimé ,"
Bloy-Leon_La-Femme-pauvre_<Clotilde-725>_17713,"mon Bien - Aimé , je penserais que ce n'"
Bloy-Leon_La-Femme-pauvre_<Clotilde-725>_17726,difficile ni bien long de me donner la mort et
Bloy-Leon_La-Femme-pauvre_<Clotilde-725>_17731,"me donner la mort et je prierais les lions ,"
Bloy-Leon_La-Femme-pauvre_<Clotilde-725>_17744,"Jésus , de ne pas me faire trop longtemps souffrir"
Bloy-Leon_La-Femme-pauvre_<Clotilde-725>_17750,faire trop longtemps souffrir . Je suppose que ces animaux
Bloy-Leon_La-Femme-pauvre_<Clotilde-725>_17756,"suppose que ces animaux féroces me comprendraient , car je"
Bloy-Leon_La-Femme-pauvre_<Clotilde-725>_17760,"féroces me comprendraient , car je leur parlerais avec une"
Bloy-Leon_La-Femme-pauvre_<Clotilde-725>_17801,", beuglait - il , vous êtes simplement ravissante et"
Bloy-Leon_La-Femme-pauvre_<Clotilde-725>_17807,"êtes simplement ravissante et je vous adore . Moi ,"
Bloy-Leon_La-Femme-pauvre_<Clotilde-725>_17817,"je suis un idiot , vous m' entendez bien ,"
Bloy-Leon_La-Femme-pauvre_<Clotilde-725>_17835,"trouvé ça . Grâce à vous , je vais pouvoir"
Bloy-Leon_La-Femme-pauvre_<Clotilde-725>_17951,pour moi - même … Votre idée me transporte et
Bloy-Leon_La-Femme-pauvre_<Clotilde-725>_18010,interrompre le monologue . – Vous allez voir . Restez
Bloy-Leon_La-Femme-pauvre_<Clotilde-725>_18014,"– Vous allez voir . Restez là , ma bonne"
Bloy-Leon_La-Femme-pauvre_<Clotilde-725>_18096,"en parler … Ici , vous , c' est -"
Bloy-Leon_La-Femme-pauvre_<Clotilde-725>_18104,"est - à - dire Philomène , avec le Bon"
Bloy-Leon_La-Femme-pauvre_<Clotilde-725>_18126,"sentir la présence , si je ne suis pas une"
Bloy-Leon_La-Femme-pauvre_<Clotilde-725>_18188,". Entre parenthèse , je vous conseillerais de vous adresser"
Bloy-Leon_La-Femme-pauvre_<Clotilde-725>_18199,"à la dernière , quand vous leur ferez votre petit"
Bloy-Leon_La-Femme-pauvre_<Clotilde-725>_18202,", quand vous leur ferez votre petit discours . Je"
Bloy-Leon_La-Femme-pauvre_<Clotilde-725>_18262,. Tant pis ! je vous fermerai la bouche .
Bloy-Leon_La-Femme-pauvre_<Clotilde-725>_18344,Victor Hugo . Non ? Vous ne connaissez pas ?
Bloy-Leon_La-Femme-pauvre_<Clotilde-725>_18398,assez bon garçon . Si vous lui passiez la main
Bloy-Leon_La-Femme-pauvre_<M . Pélopidas - Anacharsis Gacougnol-625>_13320,sonnait à la porte de M . Pélopidas - Anacharsis
Bloy-Leon_La-Femme-pauvre_<M . Pélopidas - Anacharsis Gacougnol-625>_13327,Pélopidas - Anacharsis Gacougnol . C' est l' auteur du
Bloy-Leon_La-Femme-pauvre_<M . Pélopidas - Anacharsis Gacougnol-625>_13329,Anacharsis Gacougnol . C' est l' auteur du groupe célèbre
Bloy-Leon_La-Femme-pauvre_<M . Pélopidas - Anacharsis Gacougnol-625>_13373,le genre d' imagination de cet artiste . A la
Bloy-Leon_La-Femme-pauvre_<M . Pélopidas - Anacharsis Gacougnol-625>_13390,"musicien et même critique , l' universel Gacougnol paraît avoir"
Bloy-Leon_La-Femme-pauvre_<M . Pélopidas - Anacharsis Gacougnol-625>_13411,toutes les métaphores sentencieuses . Il s' enflamme sur des
Bloy-Leon_La-Femme-pauvre_<M . Pélopidas - Anacharsis Gacougnol-625>_13424,le castigat ridendo mores et affiche la prétention d' être
Bloy-Leon_La-Femme-pauvre_<M . Pélopidas - Anacharsis Gacougnol-625>_13442,Fontaine ont défrayé quinze de ses tableaux et lui ont
Bloy-Leon_La-Femme-pauvre_<M . Pélopidas - Anacharsis Gacougnol-625>_13445,quinze de ses tableaux et lui ont fourni la matière
Bloy-Leon_La-Femme-pauvre_<M . Pélopidas - Anacharsis Gacougnol-625>_13461,bas - reliefs apophtegmatiques . C' est lui et non
Bloy-Leon_La-Femme-pauvre_<M . Pélopidas - Anacharsis Gacougnol-625>_13463,reliefs apophtegmatiques . C' est lui et non pas un
Bloy-Leon_La-Femme-pauvre_<M . Pélopidas - Anacharsis Gacougnol-625>_13469,et non pas un autre qui a inventé le buste
Bloy-Leon_La-Femme-pauvre_<M . Pélopidas - Anacharsis Gacougnol-625>_13518,"– ce qui , dans sa pensée , donne à"
Bloy-Leon_La-Femme-pauvre_<M . Pélopidas - Anacharsis Gacougnol-625>_13535,"impassibilité formidable . C' est lui encore qui , dans"
Bloy-Leon_La-Femme-pauvre_<M . Pélopidas - Anacharsis Gacougnol-625>_13537,". C' est lui encore qui , dans un journal"
Bloy-Leon_La-Femme-pauvre_<M . Pélopidas - Anacharsis Gacougnol-625>_13606,", en musique surtout , il est plutôt sentimental et"
Bloy-Leon_La-Femme-pauvre_<M . Pélopidas - Anacharsis Gacougnol-625>_13611,il est plutôt sentimental et pleure volontiers sur son piano
Bloy-Leon_La-Femme-pauvre_<M . Pélopidas - Anacharsis Gacougnol-625>_13614,"sentimental et pleure volontiers sur son piano , en chantant"
Bloy-Leon_La-Femme-pauvre_<M . Pélopidas - Anacharsis Gacougnol-625>_13663,"coiffé dans les ouragans , il affecte habituellement la brutalité"
Bloy-Leon_La-Femme-pauvre_<M . Pélopidas - Anacharsis Gacougnol-625>_13680,"ne parvint jamais à détester ce bon garçon , aussi"
Bloy-Leon_La-Femme-pauvre_<M . Pélopidas - Anacharsis Gacougnol-625>_13692,"méchanceté que de modestie et dont le réel talent ,"
Bloy-Leon_La-Femme-pauvre_<M . Pélopidas - Anacharsis Gacougnol-625>_13703,"par la dissémination perpétuelle de sa fantaisie , ne peut"
Bloy-Leon_La-Femme-pauvre_<M . Pélopidas - Anacharsis Gacougnol-625>_13711,"ne peut offusquer personne . Il attendrit , d' ailleurs"
Bloy-Leon_La-Femme-pauvre_<M . Pélopidas - Anacharsis Gacougnol-625>_13718,", d' ailleurs , et désarme complètement les camarades les"
Bloy-Leon_La-Femme-pauvre_<M . Pélopidas - Anacharsis Gacougnol-625>_13738,de quelques - unes de ses conceptions . Au coup
Bloy-Leon_La-Femme-pauvre_<M . Pélopidas - Anacharsis Gacougnol-625>_13746,"Au coup de sonnette , il vint ouvrir en personne"
Bloy-Leon_La-Femme-pauvre_<M . Pélopidas - Anacharsis Gacougnol-625>_13767,"encore ? cria - t - il , voyant une"
Bloy-Leon_La-Femme-pauvre_<M . Pélopidas - Anacharsis Gacougnol-625>_13778,en cheveux au seuil de son atelier . C' est
Bloy-Leon_La-Femme-pauvre_<M . Pélopidas - Anacharsis Gacougnol-625>_13827,. Voilà le quatorzième que je paie depuis un mois
Bloy-Leon_La-Femme-pauvre_<M . Pélopidas - Anacharsis Gacougnol-625>_13861,"entrez tout de même , je vais voir si j'"
Bloy-Leon_La-Femme-pauvre_<M . Pélopidas - Anacharsis Gacougnol-625>_13865,", je vais voir si j' ai de la monnaie"
Bloy-Leon_La-Femme-pauvre_<M . Pélopidas - Anacharsis Gacougnol-625>_13875,"… Eh ! bien , mon gentilhomme , tu peux"
Bloy-Leon_La-Femme-pauvre_<M . Pélopidas - Anacharsis Gacougnol-625>_13939,"- toi bien , poursuivit Pélopidas , que c' est"
Bloy-Leon_La-Femme-pauvre_<M . Pélopidas - Anacharsis Gacougnol-625>_13951,toute la journée . Quand j' ai donné quatre sous
Bloy-Leon_La-Femme-pauvre_<M . Pélopidas - Anacharsis Gacougnol-625>_13964,"ces bougres , il ne me lâche plus , et"
Bloy-Leon_La-Femme-pauvre_<M . Pélopidas - Anacharsis Gacougnol-625>_13969,"me lâche plus , et m' envoie toute sa famille"
Bloy-Leon_La-Femme-pauvre_<M . Pélopidas - Anacharsis Gacougnol-625>_13982,bon ! Où diable ai - je fourré mon porte
Bloy-Leon_La-Femme-pauvre_<M . Pélopidas - Anacharsis Gacougnol-625>_13985,"diable ai - je fourré mon porte - monnaie ,"
Bloy-Leon_La-Femme-pauvre_<M . Pélopidas - Anacharsis Gacougnol-625>_14000,"de Dieux ! fermez donc votre porte , là -"
Bloy-Leon_La-Femme-pauvre_<M . Pélopidas - Anacharsis Gacougnol-625>_14018,"chaud dans cette lanterne . Clotilde , fort ahurie d'"
Bloy-Leon_La-Femme-pauvre_<M . Pélopidas - Anacharsis Gacougnol-625>_14034,", puis , appelant tout son courage , dit enfin"
Bloy-Leon_La-Femme-pauvre_<M . Pélopidas - Anacharsis Gacougnol-625>_14037,"appelant tout son courage , dit enfin : – Monsieur"
Bloy-Leon_La-Femme-pauvre_<M . Pélopidas - Anacharsis Gacougnol-625>_14041,", dit enfin : – Monsieur , vous vous trompez"
Bloy-Leon_La-Femme-pauvre_<M . Pélopidas - Anacharsis Gacougnol-625>_14043,"enfin : – Monsieur , vous vous trompez , je"
Bloy-Leon_La-Femme-pauvre_<M . Pélopidas - Anacharsis Gacougnol-625>_14047,", vous vous trompez , je ne suis pas une"
Bloy-Leon_La-Femme-pauvre_<M . Pélopidas - Anacharsis Gacougnol-625>_14054,"suis pas une mendiante , je suis la personne dont"
Bloy-Leon_La-Femme-pauvre_<M . Pélopidas - Anacharsis Gacougnol-625>_14056,"une mendiante , je suis la personne dont on vous"
Bloy-Leon_La-Femme-pauvre_<M . Pélopidas - Anacharsis Gacougnol-625>_14060,suis la personne dont on vous a parlé et que
Bloy-Leon_La-Femme-pauvre_<M . Pélopidas - Anacharsis Gacougnol-625>_14064,on vous a parlé et que vous attendiez ce matin
Bloy-Leon_La-Femme-pauvre_<M . Pélopidas - Anacharsis Gacougnol-625>_14065,vous a parlé et que vous attendiez ce matin à
Bloy-Leon_La-Femme-pauvre_<M . Pélopidas - Anacharsis Gacougnol-625>_14074,à onze heures . Et elle lui tendit sa carte
Bloy-Leon_La-Femme-pauvre_<M . Pélopidas - Anacharsis Gacougnol-625>_14075,onze heures . Et elle lui tendit sa carte .
Bloy-Leon_La-Femme-pauvre_<M . Pélopidas - Anacharsis Gacougnol-625>_14077,. Et elle lui tendit sa carte . Pauvre carte
Bloy-Leon_La-Femme-pauvre_<M . Pélopidas - Anacharsis Gacougnol-625>_14110,papier jaune et sur laquelle elle avait écrit son nom
Bloy-Leon_La-Femme-pauvre_<M . Pélopidas - Anacharsis Gacougnol-625>_14113,sur laquelle elle avait écrit son nom : Clotilde Maréchal
Bloy-Leon_La-Femme-pauvre_<M . Pélopidas - Anacharsis Gacougnol-625>_14122,"Maréchal . – Ah ! vous êtes le modèle ,"
Bloy-Leon_La-Femme-pauvre_<M . Pélopidas - Anacharsis Gacougnol-625>_14124,"– Ah ! vous êtes le modèle , très bien"
Bloy-Leon_La-Femme-pauvre_<M . Pélopidas - Anacharsis Gacougnol-625>_14148,"chose la plus simple , il reprit aussitôt la conversation"
Bloy-Leon_La-Femme-pauvre_<M . Pélopidas - Anacharsis Gacougnol-625>_14172,– Pour en revenir à tes blagues sur le grand
Bloy-Leon_La-Femme-pauvre_<M . Pélopidas - Anacharsis Gacougnol-625>_14179,"sur le grand art , mon petit Zéphirin , nous"
Bloy-Leon_La-Femme-pauvre_<M . Pélopidas - Anacharsis Gacougnol-625>_14187,", nous en reparlerons quand tu auras quelque chose de"
Bloy-Leon_La-Femme-pauvre_<M . Pélopidas - Anacharsis Gacougnol-625>_14194,quelque chose de neuf à me révéler . Jusque -
Bloy-Leon_La-Femme-pauvre_<M . Pélopidas - Anacharsis Gacougnol-625>_14200,révéler . Jusque - là tu m' embêtes et je
Bloy-Leon_La-Femme-pauvre_<M . Pélopidas - Anacharsis Gacougnol-625>_14201,. Jusque - là tu m' embêtes et je ne
Bloy-Leon_La-Femme-pauvre_<M . Pélopidas - Anacharsis Gacougnol-625>_14204,là tu m' embêtes et je ne te l' envoie
Bloy-Leon_La-Femme-pauvre_<M . Pélopidas - Anacharsis Gacougnol-625>_14206,m' embêtes et je ne te l' envoie pas dire
Bloy-Leon_La-Femme-pauvre_<M . Pélopidas - Anacharsis Gacougnol-625>_14207,embêtes et je ne te l' envoie pas dire .
Bloy-Leon_La-Femme-pauvre_<M . Pélopidas - Anacharsis Gacougnol-625>_14215,"dire . Tout ce que tu me dégoises , depuis"
Bloy-Leon_La-Femme-pauvre_<M . Pélopidas - Anacharsis Gacougnol-625>_14216,". Tout ce que tu me dégoises , depuis une"
Bloy-Leon_La-Femme-pauvre_<M . Pélopidas - Anacharsis Gacougnol-625>_14223,", depuis une heure , me fut enseigné avec beaucoup"
Bloy-Leon_La-Femme-pauvre_<M . Pélopidas - Anacharsis Gacougnol-625>_14236,"de vénérables ganaches , lorsque tu tétais encore ta nourrice"
Bloy-Leon_La-Femme-pauvre_<M . Pélopidas - Anacharsis Gacougnol-625>_14239,", lorsque tu tétais encore ta nourrice . Je suis"
Bloy-Leon_La-Femme-pauvre_<M . Pélopidas - Anacharsis Gacougnol-625>_14242,tétais encore ta nourrice . Je suis pour l' art
Bloy-Leon_La-Femme-pauvre_<M . Pélopidas - Anacharsis Gacougnol-625>_14249,"pour l' art personnel , moi , quel que soit"
Bloy-Leon_La-Femme-pauvre_<M . Pélopidas - Anacharsis Gacougnol-625>_14261,qu' on lui donne ; je n' appartiens à aucune
Bloy-Leon_La-Femme-pauvre_<M . Pélopidas - Anacharsis Gacougnol-625>_14276,", … et encore ! Mon ambition , c' est"
Bloy-Leon_La-Femme-pauvre_<M . Pélopidas - Anacharsis Gacougnol-625>_14295,"un foutu nom , si tu veux , mais il"
Bloy-Leon_La-Femme-pauvre_<M . Pélopidas - Anacharsis Gacougnol-625>_14300,"tu veux , mais il me fut donné par mon"
Bloy-Leon_La-Femme-pauvre_<M . Pélopidas - Anacharsis Gacougnol-625>_14304,il me fut donné par mon brave homme de père
Bloy-Leon_La-Femme-pauvre_<M . Pélopidas - Anacharsis Gacougnol-625>_14310,brave homme de père et j' y tiens … Pour
Bloy-Leon_La-Femme-pauvre_<M . Pélopidas - Anacharsis Gacougnol-625>_14319,Pour ce qui est de ton « Androgyne » ou
Bloy-Leon_La-Femme-pauvre_<M . Pélopidas - Anacharsis Gacougnol-625>_14325,« Androgyne » ou de tes « Enfants des Anges
Bloy-Leon_La-Femme-pauvre_<M . Pélopidas - Anacharsis Gacougnol-625>_14342,de pissotières et il ne m' en faut pas .
Bloy-Leon_La-Femme-pauvre_<M . Pélopidas - Anacharsis Gacougnol-625>_14381,s' il avait pu prévoir ta sale façon de l'
Bloy-Leon_La-Femme-pauvre_<M . Pélopidas - Anacharsis Gacougnol-625>_14385,prévoir ta sale façon de l' admirer … Tiens !
Bloy-Leon_La-Femme-pauvre_<M . Pélopidas - Anacharsis Gacougnol-625>_14393,"Tiens ! veux tu que je te dise , vous"
Bloy-Leon_La-Femme-pauvre_<M . Pélopidas - Anacharsis Gacougnol-625>_14394,"! veux tu que je te dise , vous êtes"
Bloy-Leon_La-Femme-pauvre_<M . Pélopidas - Anacharsis Gacougnol-625>_14445,", rien que ça ! Je veux bien que le"
Bloy-Leon_La-Femme-pauvre_<M . Pélopidas - Anacharsis Gacougnol-625>_14451,veux bien que le diable m' emporte si on peut
Bloy-Leon_La-Femme-pauvre_<M . Pélopidas - Anacharsis Gacougnol-625>_14469,"gueusards prétentieux et tarabiscotés … Toi , tu es le"
Bloy-Leon_La-Femme-pauvre_<M . Pélopidas - Anacharsis Gacougnol-625>_14471,"et tarabiscotés … Toi , tu es le malin des"
Bloy-Leon_La-Femme-pauvre_<M . Pélopidas - Anacharsis Gacougnol-625>_14478,"le malin des malins , tu as trouvé le troisième"
Bloy-Leon_La-Femme-pauvre_<M . Pélopidas - Anacharsis Gacougnol-625>_14522,"lettres , à commencer par toi , qui es l'"
Bloy-Leon_La-Femme-pauvre_<M . Pélopidas - Anacharsis Gacougnol-625>_14524,"à commencer par toi , qui es l' initiateur et"
Bloy-Leon_La-Femme-pauvre_<M . Pélopidas - Anacharsis Gacougnol-625>_14526,"par toi , qui es l' initiateur et le grand"
Bloy-Leon_La-Femme-pauvre_<M . Pélopidas - Anacharsis Gacougnol-625>_14529,qui es l' initiateur et le grand prophète . Seulement
Bloy-Leon_La-Femme-pauvre_<M . Pélopidas - Anacharsis Gacougnol-625>_14536,"prophète . Seulement , vois - tu , ça ne"
Bloy-Leon_La-Femme-pauvre_<M . Pélopidas - Anacharsis Gacougnol-625>_14548,pour être un critique et tu peux te vanter d'
Bloy-Leon_La-Femme-pauvre_<M . Pélopidas - Anacharsis Gacougnol-625>_14567,"… A cet endroit de son discours , que soulignait"
Bloy-Leon_La-Femme-pauvre_<M . Pélopidas - Anacharsis Gacougnol-625>_14595,stupeur la flottante crinière de ce personnage volubile qui lui
Bloy-Leon_La-Femme-pauvre_<M . Pélopidas - Anacharsis Gacougnol-625>_14598,crinière de ce personnage volubile qui lui avait dit de
Bloy-Leon_La-Femme-pauvre_<M . Pélopidas - Anacharsis Gacougnol-625>_14622,"qu' est - ce que vous foutez là , vous"
Bloy-Leon_La-Femme-pauvre_<M . Pélopidas - Anacharsis Gacougnol-625>_14626,"que vous foutez là , vous , à me regarder"
Bloy-Leon_La-Femme-pauvre_<M . Pélopidas - Anacharsis Gacougnol-625>_14643,? Il s' agit de vous mettre à poil tout
Bloy-Leon_La-Femme-pauvre_<M . Pélopidas - Anacharsis Gacougnol-625>_14676,"traîne pas , s' il vous plaît . La pauvre"
Bloy-Leon_La-Femme-pauvre_<M . Pélopidas - Anacharsis Gacougnol-625>_14694,"disparut immédiatement . – Et toi , bambino des anges"
Bloy-Leon_La-Femme-pauvre_<M . Pélopidas - Anacharsis Gacougnol-625>_14696,". – Et toi , bambino des anges , petit"
Bloy-Leon_La-Femme-pauvre_<M . Pélopidas - Anacharsis Gacougnol-625>_14700,", bambino des anges , petit Delumière de mon cœur"
Bloy-Leon_La-Femme-pauvre_<M . Pélopidas - Anacharsis Gacougnol-625>_14706,"Delumière de mon cœur , tu vas me faire le"
Bloy-Leon_La-Femme-pauvre_<M . Pélopidas - Anacharsis Gacougnol-625>_14721,si j' y suis . Ta conversation est aussi ravissante
Bloy-Leon_La-Femme-pauvre_<M . Pélopidas - Anacharsis Gacougnol-625>_14738,"assez pour quelque temps . Tu viendras me voir ,"
Bloy-Leon_La-Femme-pauvre_<M . Pélopidas - Anacharsis Gacougnol-625>_14758,"c' est bien , prends ton chapeau et bonsoir à"
Bloy-Leon_La-Femme-pauvre_<M . Pélopidas - Anacharsis Gacougnol-625>_14763,ton chapeau et bonsoir à tes poules … Je ne
Bloy-Leon_La-Femme-pauvre_<M . Pélopidas - Anacharsis Gacougnol-625>_14768,tes poules … Je ne te reconduis pas . Zéphyrin
Bloy-Leon_La-Femme-pauvre_<M . Pélopidas - Anacharsis Gacougnol-625>_14772,"ne te reconduis pas . Zéphyrin Delumière , le fameux"
Bloy-Leon_La-Femme-pauvre_<M . Pélopidas - Anacharsis Gacougnol-625>_14775,"pas . Zéphyrin Delumière , le fameux hiérophante romancier ,"
Bloy-Leon_La-Femme-pauvre_<M . Pélopidas - Anacharsis Gacougnol-625>_14799,"prit , en effet , son chapeau et – la"
Bloy-Leon_La-Femme-pauvre_<M . Pélopidas - Anacharsis Gacougnol-625>_14836,"d' une bouteille , – laissa tomber , en guise"
Bloy-Leon_La-Femme-pauvre_<M . Pélopidas - Anacharsis Gacougnol-625>_14860,"jamais plus , comme il vous plaira , peintre malgracieux"
Bloy-Leon_La-Femme-pauvre_<M . Pélopidas - Anacharsis Gacougnol-625>_14863,"comme il vous plaira , peintre malgracieux . Il me"
Bloy-Leon_La-Femme-pauvre_<M . Pélopidas - Anacharsis Gacougnol-625>_14867,", peintre malgracieux . Il me serait trop facile de"
Bloy-Leon_La-Femme-pauvre_<M . Pélopidas - Anacharsis Gacougnol-625>_14872,me serait trop facile de vous punir en vous effaçant
Bloy-Leon_La-Femme-pauvre_<M . Pélopidas - Anacharsis Gacougnol-625>_14875,facile de vous punir en vous effaçant de ma mémoire
Bloy-Leon_La-Femme-pauvre_<M . Pélopidas - Anacharsis Gacougnol-625>_14878,punir en vous effaçant de ma mémoire . Mais vous
Bloy-Leon_La-Femme-pauvre_<M . Pélopidas - Anacharsis Gacougnol-625>_14882,de ma mémoire . Mais vous flottez encore dans l'
Bloy-Leon_La-Femme-pauvre_<M . Pélopidas - Anacharsis Gacougnol-625>_14889,encore dans l' amnios de l' irresponsable sexualité . Vous
Bloy-Leon_La-Femme-pauvre_<M . Pélopidas - Anacharsis Gacougnol-625>_14893,de l' irresponsable sexualité . Vous en êtes pour combien
Bloy-Leon_La-Femme-pauvre_<M . Pélopidas - Anacharsis Gacougnol-625>_14907,hésitations embryogéniques du Devenir et vous croupissez dans l' insoupçon
Bloy-Leon_La-Femme-pauvre_<M . Pélopidas - Anacharsis Gacougnol-625>_14925,Septenaire . C' est pourquoi vous œuvrez inférieurement dans la
Bloy-Leon_La-Femme-pauvre_<M . Pélopidas - Anacharsis Gacougnol-625>_14944,Et c' est aussi pourquoi je vous pardonne en vous
Bloy-Leon_La-Femme-pauvre_<M . Pélopidas - Anacharsis Gacougnol-625>_14945,c' est aussi pourquoi je vous pardonne en vous bénissant
Bloy-Leon_La-Femme-pauvre_<M . Pélopidas - Anacharsis Gacougnol-625>_14948,pourquoi je vous pardonne en vous bénissant . Vous finirez
Bloy-Leon_La-Femme-pauvre_<M . Pélopidas - Anacharsis Gacougnol-625>_14951,pardonne en vous bénissant . Vous finirez par comprendre un
Bloy-Leon_La-Femme-pauvre_<M . Pélopidas - Anacharsis Gacougnol-625>_14961,"jour . Ainsi posé , le devisant mystagogue était bien"
Bloy-Leon_La-Femme-pauvre_<M . Pélopidas - Anacharsis Gacougnol-625>_14978,"on pût voir , avec sa tignasse graisseuse de sorcier"
Bloy-Leon_La-Femme-pauvre_<M . Pélopidas - Anacharsis Gacougnol-625>_14988,"cafre ou de talapoin , sa barbe en mitre d'"
Bloy-Leon_La-Femme-pauvre_<M . Pélopidas - Anacharsis Gacougnol-625>_14996,mitre d' astrologue réticent et ses yeux de phoque dilatés
Bloy-Leon_La-Femme-pauvre_<M . Pélopidas - Anacharsis Gacougnol-625>_15019,"obéliscal , conditionné , semblait - il , pour subodorer"
Bloy-Leon_La-Femme-pauvre_<M . Pélopidas - Anacharsis Gacougnol-625>_15079,"et le paillon , – il apparaissait comme un abracadabrant"
Bloy-Leon_La-Femme-pauvre_<M . Pélopidas - Anacharsis Gacougnol-625>_15121,"ne sommeille jamais longtemps chez cet excellent Gacougnol , venait"
Bloy-Leon_La-Femme-pauvre_<M . Pélopidas - Anacharsis Gacougnol-625>_15151,"jour , la personnalité de Delumière . Il se laissa"
Bloy-Leon_La-Femme-pauvre_<M . Pélopidas - Anacharsis Gacougnol-625>_15153,la personnalité de Delumière . Il se laissa tomber sur
Bloy-Leon_La-Femme-pauvre_<M . Pélopidas - Anacharsis Gacougnol-625>_15162,sur un divan et se tordit dans les convulsions et
Bloy-Leon_La-Femme-pauvre_<M . Pélopidas - Anacharsis Gacougnol-625>_15183,"accès eut pris fin , le grotesque , un moment"
Bloy-Leon_La-Femme-pauvre_<M . Pélopidas - Anacharsis Gacougnol-625>_15203,blême . – Ah ! l' animal ! exhala enfin
Bloy-Leon_La-Femme-pauvre_<M . Pélopidas - Anacharsis Gacougnol-625>_15208,"l' animal ! exhala enfin le rieur , après un"
Bloy-Leon_La-Femme-pauvre_<M . Pélopidas - Anacharsis Gacougnol-625>_15222,", et se parlant à lui - même , suivant"
Bloy-Leon_La-Femme-pauvre_<M . Pélopidas - Anacharsis Gacougnol-625>_15227,"lui - même , suivant sa coutume , il me"
Bloy-Leon_La-Femme-pauvre_<M . Pélopidas - Anacharsis Gacougnol-625>_15230,", suivant sa coutume , il me fera mourir un"
Bloy-Leon_La-Femme-pauvre_<M . Pélopidas - Anacharsis Gacougnol-625>_15242,jours . J' ai beau le soupçonner des plus sales
Bloy-Leon_La-Femme-pauvre_<M . Pélopidas - Anacharsis Gacougnol-625>_15259,j' ai le courage de le flanquer à la porte
Bloy-Leon_La-Femme-pauvre_<M . Pélopidas - Anacharsis Gacougnol-625>_15271,", c' est à payer sa place . Le vilain"
Bloy-Leon_La-Femme-pauvre_<M . Pélopidas - Anacharsis Gacougnol-625>_15274,à payer sa place . Le vilain bougre ! m'
Bloy-Leon_La-Femme-pauvre_<M . Pélopidas - Anacharsis Gacougnol-625>_15282,! m' a - t - il fait rire avec
Bloy-Leon_La-Femme-pauvre_<M . Pélopidas - Anacharsis Gacougnol-625>_15287,- il fait rire avec ses bottes à la Franconi
Bloy-Leon_La-Femme-pauvre_<M . Pélopidas - Anacharsis Gacougnol-625>_15293,bottes à la Franconi et sa gueule de marlou circassien
Bloy-Leon_La-Femme-pauvre_<M . Pélopidas - Anacharsis Gacougnol-625>_15409,", ne pensons plus à ce polisson qui m' a"
Bloy-Leon_La-Femme-pauvre_<M . Pélopidas - Anacharsis Gacougnol-625>_15411,pensons plus à ce polisson qui m' a fait perdre
Bloy-Leon_La-Femme-pauvre_<Clotilde-396>_8231,"plus haut , appartenait à Clotilde . Il serait facile"
Bloy-Leon_La-Femme-pauvre_<Clotilde-396>_8276,"véridique en ses détails . Elle dormait là , depuis"
Bloy-Leon_La-Femme-pauvre_<Clotilde-396>_8311,"du parc Montsouris , et Clotilde avait sa chambre ."
Bloy-Leon_La-Femme-pauvre_<Clotilde-396>_8313,"Montsouris , et Clotilde avait sa chambre . Mais la"
Bloy-Leon_La-Femme-pauvre_<Clotilde-396>_8372,"qui , par comparaison , lui avaient paru bienheureuses ,"
Bloy-Leon_La-Femme-pauvre_<Clotilde-396>_8377,"lui avaient paru bienheureuses , la pauvre fille avait donc"
Bloy-Leon_La-Femme-pauvre_<Clotilde-396>_8398,"vieillards infâmes dormant auprès d' elle , roulée dans ses"
Bloy-Leon_La-Femme-pauvre_<Clotilde-396>_8402,"d' elle , roulée dans ses guenilles , en proie"
Bloy-Leon_La-Femme-pauvre_<Clotilde-396>_8422,n' avait pu guérir . Elle ne dormit guère cette
Bloy-Leon_La-Femme-pauvre_<Clotilde-396>_8431,cette nuit - là . Ses pensées la faisaient trop
Bloy-Leon_La-Femme-pauvre_<Clotilde-396>_8433,- là . Ses pensées la faisaient trop souffrir .
Bloy-Leon_La-Femme-pauvre_<Clotilde-396>_8438,"la faisaient trop souffrir . Elle avait froid , aussi"
Bloy-Leon_La-Femme-pauvre_<Clotilde-396>_8445,"froid , aussi , et grelottait sous la ficelle de"
Bloy-Leon_La-Femme-pauvre_<Clotilde-396>_8450,"grelottait sous la ficelle de ses haillons , car l'"
Bloy-Leon_La-Femme-pauvre_<Clotilde-396>_8469,"pauvres , commençait déjà . Elle songeait , en regardant"
Bloy-Leon_La-Femme-pauvre_<Clotilde-396>_8506,que l' horreur de salir ses larmes ne l' eût
Bloy-Leon_La-Femme-pauvre_<Clotilde-396>_8509,de salir ses larmes ne l' eût pas empêchée de
Bloy-Leon_La-Femme-pauvre_<Clotilde-396>_8552,n' aurait pas manqué de lui prodiguer l' ironie de
Bloy-Leon_La-Femme-pauvre_<Clotilde-396>_8561,de ses consolations ordurières et la martyre eût réavalé devant
Bloy-Leon_La-Femme-pauvre_<Clotilde-396>_8566,"la martyre eût réavalé devant elle son vieux calice ,"
Bloy-Leon_La-Femme-pauvre_<Clotilde-396>_8567,"martyre eût réavalé devant elle son vieux calice , au"
Bloy-Leon_La-Femme-pauvre_<Clotilde-396>_8580,"bourrasque de soupirs , en la suppliant , au nom"
Bloy-Leon_La-Femme-pauvre_<Clotilde-396>_8592,", de vouloir bien comparer ses douleurs aux siennes ."
Bloy-Leon_La-Femme-pauvre_<Clotilde-396>_8598,douleurs aux siennes . Dès son enfance la plus lointaine
Bloy-Leon_La-Femme-pauvre_<Clotilde-396>_8604,"enfance la plus lointaine , cette chenille du Purgatoire avait"
Bloy-Leon_La-Femme-pauvre_<Clotilde-396>_8612,Purgatoire avait exigé rigoureusement qu' elle ne se plaignît jamais
Bloy-Leon_La-Femme-pauvre_<Clotilde-396>_8635,» d' une mère . Elle avait même là -
Bloy-Leon_La-Femme-pauvre_<Clotilde-396>_8654,des images de dévotion qu' elle idolâtrait . Le cœur
Bloy-Leon_La-Femme-pauvre_<Clotilde-396>_8660,"idolâtrait . Le cœur de la malheureuse fillette , comprimé"
Bloy-Leon_La-Femme-pauvre_<Clotilde-396>_8674,", avait donc résorbé silencieusement ses peines , sans avoir"
Bloy-Leon_La-Femme-pauvre_<Clotilde-396>_8691,". Quoi qu' on pût lui faire , elle agonisait"
Bloy-Leon_La-Femme-pauvre_<Clotilde-396>_8694,"on pût lui faire , elle agonisait de la soif"
Bloy-Leon_La-Femme-pauvre_<Clotilde-396>_8709,"ayant personne à chérir , elle entrait parfois , au"
Bloy-Leon_La-Femme-pauvre_<Clotilde-396>_8739,tout à fait obscure … Pauvre être abandonné ! C'
Bloy-Leon_La-Femme-pauvre_<Clotilde-396>_8749,était dur de penser qu' elle n' avait pas eu
Bloy-Leon_La-Femme-pauvre_<Clotilde-396>_8758,"eu d' autres joies dans son enfance , ni dans"
Bloy-Leon_La-Femme-pauvre_<Clotilde-396>_8768,les plus fraîches années de sa jeunesse ! Sans doute
Bloy-Leon_La-Femme-pauvre_<Clotilde-396>_8774,"jeunesse ! Sans doute , elle avait bien essayé de"
Bloy-Leon_La-Femme-pauvre_<Clotilde-396>_8785,lier avec les apprenties qu' elle avait connues à son
Bloy-Leon_La-Femme-pauvre_<Clotilde-396>_8789,qu' elle avait connues à son atelier de dorure .
Bloy-Leon_La-Femme-pauvre_<Clotilde-396>_8795,"atelier de dorure . Mais sa , timidité presque maladive"
Bloy-Leon_La-Femme-pauvre_<Clotilde-396>_8804,"maladive leur avait déplu , sa douceur extrême et la"
Bloy-Leon_La-Femme-pauvre_<Clotilde-396>_8812,et la noblesse ingénue de son maintien avaient révolté ces
Bloy-Leon_La-Femme-pauvre_<Clotilde-396>_8820,révolté ces petites souillasses qui la traitèrent de « poseuse
Bloy-Leon_La-Femme-pauvre_<Clotilde-396>_8834,temps qu' une pudeur instinctive la préservait de leurs putréfiants
Bloy-Leon_La-Femme-pauvre_<Clotilde-396>_8845,". Ah ! certes , elle avait tout appris et"
Bloy-Leon_La-Femme-pauvre_<Clotilde-396>_8850,elle avait tout appris et ses oreilles ne lui avaient
Bloy-Leon_La-Femme-pauvre_<Clotilde-396>_8853,appris et ses oreilles ne lui avaient guère permis d'
Bloy-Leon_La-Femme-pauvre_<Clotilde-396>_8881,"ces impubères ne pénétrait pas son âme , qui demeurait"
Bloy-Leon_La-Femme-pauvre_<Clotilde-396>_8900,C' est pour cela qu' elle allait offrir ses larmes
Bloy-Leon_La-Femme-pauvre_<Clotilde-396>_8903,cela qu' elle allait offrir ses larmes au Dieu des
Bloy-Leon_La-Femme-pauvre_<Clotilde-396>_8913,"églises , sans savoir qu' elle accomplissait ainsi le grand"
Bloy-Leon_La-Femme-pauvre_<Clotilde-396>_8966,et dans l' Agonie . Elle n' était pourtant pas
Bloy-Leon_La-Femme-pauvre_<Clotilde-396>_8982,appellent une pieuse enfant . Elle avait reçu le semblant
Bloy-Leon_La-Femme-pauvre_<Clotilde-396>_9005,les entrepreneurs de catéchisme . Sa mère qui ne se
Bloy-Leon_La-Femme-pauvre_<Clotilde-396>_9054,qu' il aurait fallu pour l' acheminer à la perfection
Bloy-Leon_La-Femme-pauvre_<Clotilde-396>_9062,la perfection chrétienne . Elle lui avait « fait faire
Bloy-Leon_La-Femme-pauvre_<Clotilde-396>_9068,"avait « fait faire » sa première communion , à"
Bloy-Leon_La-Femme-pauvre_<Clotilde-396>_9098,de sensibilité maternelle . Mais elle aurait improuvé les exagérations
Bloy-Leon_La-Femme-pauvre_<Clotilde-396>_9121,"endroits écartés . Scrupuleusement , elle observait la profonde liturgie"
Bloy-Leon_La-Femme-pauvre_<Clotilde-396>_9188,du délire eût été de lui demander davantage . Oui
Bloy-Leon_La-Femme-pauvre_<Clotilde-396>_9206,meilleures de la vie de Clotilde et le simulacre de
Bloy-Leon_La-Femme-pauvre_<Clotilde-396>_9213,le simulacre de passion qui lui était venu plus tard
Bloy-Leon_La-Femme-pauvre_<Clotilde-396>_9230,"Au moins , elles ne lui avaient pas laissé d'"
Bloy-Leon_La-Femme-pauvre_<Clotilde-396>_9245,", où les sources de son cœur invoquaient silencieusement les"
Bloy-Leon_La-Femme-pauvre_<Clotilde-396>_9254,les sources du ciel . Elle se souvenait d' avoir
Bloy-Leon_La-Femme-pauvre_<Clotilde-396>_9265,"la Douceur même et quand elle fondait en pleurs ,"
Bloy-Leon_La-Femme-pauvre_<Clotilde-396>_9315,"effacerait jamais , un Personnage lui avait parlé , un"
Bloy-Leon_La-Femme-pauvre_<Clotilde-396>_9365,"l' Episcopat . Voyant pleurer une si jeune fille ,"
Bloy-Leon_La-Femme-pauvre_<Clotilde-396>_9375,"il s' était approché , la considérant avec bonté ."
Bloy-Leon_La-Femme-pauvre_<Clotilde-396>_9381,considérant avec bonté . Il l' avait bénie d' une
Bloy-Leon_La-Femme-pauvre_<Clotilde-396>_9397,"doucement les lèvres , et lui posant ensuite la main"
Bloy-Leon_La-Femme-pauvre_<Clotilde-396>_9426,"il dit , pourquoi pleurez - vous ? Elle l'"
Bloy-Leon_La-Femme-pauvre_<Clotilde-396>_9429,"pourquoi pleurez - vous ? Elle l' entendait encore ,"
Bloy-Leon_La-Femme-pauvre_<Clotilde-396>_9440,voix calme et pénétrante qui lui avait paru la voix
Bloy-Leon_La-Femme-pauvre_<Clotilde-396>_9453,"surhumain . Mais qu' aurait - elle pu répondre ,"
Bloy-Leon_La-Femme-pauvre_<Clotilde-396>_9465,"tel moment , sinon qu' elle se mourait du désir"
Bloy-Leon_La-Femme-pauvre_<Clotilde-396>_9473,du désir de vivre ? Elle le regarda seulement de
Bloy-Leon_La-Femme-pauvre_<Clotilde-396>_9478,Elle le regarda seulement de ses grands yeux de chevrette
Bloy-Leon_La-Femme-pauvre_<Clotilde-396>_9490,où se lisait si bien sa peine . C' est
Bloy-Leon_La-Femme-pauvre_<Clotilde-396>_9504,ajouta ces paroles étonnantes qu' elle ne devait jamais oublier
Bloy-Leon_La-Femme-pauvre_<Clotilde-396>_9517,"a dû , quelquefois , vous parler d' Eve ,"
Bloy-Leon_La-Femme-pauvre_<Clotilde-396>_9611,me souvinsse d' Elle en vous voyant . Adressez -
Bloy-Leon_La-Femme-pauvre_<Clotilde-396>_9622,donc à cette mère qui vous est plus proche que
Bloy-Leon_La-Femme-pauvre_<Clotilde-396>_9629,plus proche que celle qui vous engendra . Elle seule
Bloy-Leon_La-Femme-pauvre_<Clotilde-396>_9640,"croyez - moi , peut vous secourir , puisque vous"
Bloy-Leon_La-Femme-pauvre_<Clotilde-396>_9644,"peut vous secourir , puisque vous ne ressemblez à personne"
Bloy-Leon_La-Femme-pauvre_<Clotilde-396>_9650,"ne ressemblez à personne , pauvre enfant qui avez soif"
Bloy-Leon_La-Femme-pauvre_<Clotilde-396>_9652,"à personne , pauvre enfant qui avez soif de la"
Bloy-Leon_La-Femme-pauvre_<Clotilde-396>_9668,aussi l' Esprit - Saint vous a - t -
Bloy-Leon_La-Femme-pauvre_<Clotilde-396>_9722,"… Cependant , je ne vous oublierai pas … Quand"
Bloy-Leon_La-Femme-pauvre_<Clotilde-396>_9727,vous oublierai pas … Quand vous serez dans les flammes
Bloy-Leon_La-Femme-pauvre_<Clotilde-396>_9742,vieux missionnaire qui priera pour vous au fond des déserts
Bloy-Leon_La-Femme-pauvre_<Clotilde-396>_9774,"prie - Dieu , où Clotilde resta clouée par l'"
Bloy-Leon_La-Femme-pauvre_<Clotilde-396>_9798,"- le - champ , elle ne sut rien de"
Bloy-Leon_La-Femme-pauvre_<Clotilde-396>_9806,rien de ce vieillard qu' elle crut avoir été envoyé
Bloy-Leon_La-Femme-pauvre_<Clotilde-396>_9824,"souffrent . Il fut pour elle , simplement , le"
Bloy-Leon_La-Femme-pauvre_<Clotilde-396>_9838,"En souvenir de lui , elle s' adressait souvent avec"
Bloy-Leon_La-Femme-pauvre_<Clotilde-396>_9858,"prêtre , assurément , ne lui eût ainsi parlé et"
Bloy-Leon_La-Femme-pauvre_<Clotilde-396>_9865,ainsi parlé et souvent aussi elle se demanda ce que
Bloy-Leon_La-Femme-pauvre_<Clotilde-396>_9887,", un jour , qu' elle se souvint de son"
Bloy-Leon_La-Femme-pauvre_<Clotilde-396>_9891,qu' elle se souvint de son visiteur … Elle se
Bloy-Leon_La-Femme-pauvre_<Clotilde-396>_9894,souvint de son visiteur … Elle se fit naturellement voler
Bloy-Leon_La-Femme-pauvre_<Clotilde-396>_9903,voler les vingt francs par sa mère qui ne demanda
Bloy-Leon_La-Femme-pauvre_<Clotilde-396>_9913,pas d' explication et qui lui laissa même un peu
Bloy-Leon_La-Femme-pauvre_<Clotilde-396>_9938,"affluer de nouveaux trésors , elle redevint la duègne farouche"
Bloy-Leon_La-Femme-pauvre_<Clotilde-396>_9940,"nouveaux trésors , elle redevint la duègne farouche et lui"
Bloy-Leon_La-Femme-pauvre_<Clotilde-396>_9944,redevint la duègne farouche et lui déclara qu' elle était
Bloy-Leon_La-Femme-pauvre_<Clotilde-396>_9945,la duègne farouche et lui déclara qu' elle était trop
Bloy-Leon_La-Femme-pauvre_<Clotilde-396>_9947,farouche et lui déclara qu' elle était trop « sotte
Bloy-Leon_La-Femme-pauvre_<Clotilde-396>_9956,sotte » pour qu' on lui permît de s' exposer
Bloy-Leon_La-Femme-pauvre_<Clotilde-396>_9967,séductions et aux aventures . L' innocente fille ne connaissait
Bloy-Leon_La-Femme-pauvre_<Clotilde-396>_9988,"fait observer , et ne devait sentir que plus tard"
Bloy-Leon_La-Femme-pauvre_<Clotilde-396>_9996,plus tard l' abomination de ses calculs . Tout le
Bloy-Leon_La-Femme-pauvre_<Clotilde-396>_10005,"le passé remontait ainsi dans sa mémoire , pendant cette"
Bloy-Leon_La-Femme-pauvre_<Clotilde-396>_10013,pendant cette insomnie douloureuse . Elle avait à peine seize
Bloy-Leon_La-Femme-pauvre_<Clotilde-396>_10030,", depuis , qu' était - elle devenue , grand"
Bloy-Leon_La-Femme-pauvre_<Clotilde-396>_10037,"devenue , grand Dieu ! Elle qui avait cru sangloter"
Bloy-Leon_La-Femme-pauvre_<Clotilde-396>_10038,", grand Dieu ! Elle qui avait cru sangloter dans"
Bloy-Leon_La-Femme-pauvre_<Clotilde-396>_10049,bras des anges et à qui le Seigneur même voulut
Bloy-Leon_La-Femme-pauvre_<Clotilde-396>_10065,abîme de profanation n' était - elle pas descendue !
Bloy-Leon_La-Femme-pauvre_<Clotilde-396>_10070,- elle pas descendue ! Elle n' arrivait pas à
Bloy-Leon_La-Femme-pauvre_<Clotilde-396>_10082,"chute affreuse . N' aurait - elle donc pu ,"
Bloy-Leon_La-Femme-pauvre_<Clotilde-396>_10118,espérance de bonheur terrestre qui l' avait si férocement déçue
Bloy-Leon_La-Femme-pauvre_<Clotilde-396>_10181,à cet homme et que je ne sois pas souillée
Bloy-Leon_La-Femme-pauvre_<Clotilde-396>_10203,"Dieu ! VI Gémissante , elle s' était dressée dans"
Bloy-Leon_La-Femme-pauvre_<Clotilde-396>_10211,dressée dans les ténèbres . Elle devenait folle d' angoisse
Bloy-Leon_La-Femme-pauvre_<Clotilde-396>_10224,idée reparaissait avec précision . Son aventure avait été d'
Bloy-Leon_La-Femme-pauvre_<Clotilde-396>_10233,"d' une banalité désespérante . Elle avait succombé , comme"
Bloy-Leon_La-Femme-pauvre_<Clotilde-396>_10253,séduction la plus vulgaire . Elle s' était perdue simplement
Bloy-Leon_La-Femme-pauvre_<Clotilde-396>_10268,Faublas de ministère qui ne lui avait rien promis ni
Bloy-Leon_La-Femme-pauvre_<Clotilde-396>_10286,"une heure , et dont elle n' avait elle -"
Bloy-Leon_La-Femme-pauvre_<Clotilde-396>_10289,et dont elle n' avait elle - même rien espéré
Bloy-Leon_La-Femme-pauvre_<Clotilde-396>_10305,"crucifiante , c' est qu' elle s' était livrée à"
Bloy-Leon_La-Femme-pauvre_<Clotilde-396>_10321,"il s' était trouvé sur son chemin , parce qu'"
Bloy-Leon_La-Femme-pauvre_<Clotilde-396>_10331,"il pleuvait , parce qu' elle avait le cœur et"
Bloy-Leon_La-Femme-pauvre_<Clotilde-396>_10342,"nerfs malades , parce qu' elle était lasse à mourir"
Bloy-Leon_La-Femme-pauvre_<Clotilde-396>_10351,"mourir de l' uniformité de ses tourments et , probablement"
Bloy-Leon_La-Femme-pauvre_<Clotilde-396>_10361,"aussi , par curiosité . Elle ne savait plus ."
Bloy-Leon_La-Femme-pauvre_<Clotilde-396>_10392,"restaurants à prix fixe ! Sa meilleure excuse , peut"
Bloy-Leon_La-Femme-pauvre_<Clotilde-396>_10415,l' illusion facilement procurée à une fille si malheureuse par
Bloy-Leon_La-Femme-pauvre_<Clotilde-396>_10474,"prostituée , bien qu' il la secourût à peine ,"
Bloy-Leon_La-Femme-pauvre_<Clotilde-396>_10479,"la secourût à peine , elle s' était efforcée consciencieusement"
Bloy-Leon_La-Femme-pauvre_<Clotilde-396>_10489,d' aimer ce garçon dont elle sentait si bien l'
Bloy-Leon_La-Femme-pauvre_<Clotilde-396>_10505,"C' était difficile , mais elle croyait avoir réussi ,"
Bloy-Leon_La-Femme-pauvre_<Clotilde-396>_10563,bien fini . Il ne lui restait plus qu' un
Bloy-Leon_La-Femme-pauvre_<Clotilde-396>_10575,pour le misérable amant dont elle aurait accepté l' âme
Bloy-Leon_La-Femme-pauvre_<Clotilde-396>_10587,mais dont l' étonnante lâcheté l' avait saturée de tous
Bloy-Leon_La-Femme-pauvre_<Clotilde-396>_10626,"indifférent , mais poussé par la vieille qui s' avisa"
Bloy-Leon_La-Femme-pauvre_<Clotilde-396>_10628,mais poussé par la vieille qui s' avisa tout à
Bloy-Leon_La-Femme-pauvre_<Clotilde-396>_10639,"de l' improductive contamination de son enfant , vint trouver"
Bloy-Leon_La-Femme-pauvre_<Le Jeannotin de la veille-1331>_31065,un très vague effluve … Le Jeannotin de la veille
Bloy-Leon_La-Femme-pauvre_<Le Jeannotin de la veille-1331>_31081,quelque peu grandi . Quand il eut fini sa prière
Bloy-Leon_La-Femme-pauvre_<Le Jeannotin de la veille-1331>_31084,". Quand il eut fini sa prière , ses yeux"
Bloy-Leon_La-Femme-pauvre_<Le Jeannotin de la veille-1331>_31087,"eut fini sa prière , ses yeux rencontrèrent les miens"
Bloy-Leon_La-Femme-pauvre_<Le Jeannotin de la veille-1331>_31093,yeux rencontrèrent les miens . Il vint à moi et
Bloy-Leon_La-Femme-pauvre_<Le Jeannotin de la veille-1331>_31105,": – Monsieur , dit - il , je serais"
Bloy-Leon_La-Femme-pauvre_<Le Jeannotin de la veille-1331>_31108,", dit - il , je serais heureux de vous"
Bloy-Leon_La-Femme-pauvre_<Le Jeannotin de la veille-1331>_31120,"moment , voulez - vous me faire l' honneur de"
Bloy-Leon_La-Femme-pauvre_<Le Jeannotin de la veille-1331>_31125,me faire l' honneur de m' accompagner quelques pas ?
Bloy-Leon_La-Femme-pauvre_<Le Jeannotin de la veille-1331>_31179,cime neigeuse . – Vous m' avez fait beaucoup de
Bloy-Leon_La-Femme-pauvre_<Le Jeannotin de la veille-1331>_31192,"soir , commença - t - il . Je n'"
Bloy-Leon_La-Femme-pauvre_<Le Jeannotin de la veille-1331>_31195,- t - il . Je n' ai pu vous
Bloy-Leon_La-Femme-pauvre_<Le Jeannotin de la veille-1331>_31205,"arrêter , malheureusement , et j' en suis très affligé"
Bloy-Leon_La-Femme-pauvre_<Le Jeannotin de la veille-1331>_31213,très affligé . Vous ne me connaissez pas . Je
Bloy-Leon_La-Femme-pauvre_<Le Jeannotin de la veille-1331>_31217,ne me connaissez pas . Je ne suis pas un
Bloy-Leon_La-Femme-pauvre_<Le Jeannotin de la veille-1331>_31229,"défendre . Autrefois , quand je ne me connaissais pas"
Bloy-Leon_La-Femme-pauvre_<Le Jeannotin de la veille-1331>_31235,"ne me connaissais pas encore moi - même , je"
Bloy-Leon_La-Femme-pauvre_<Le Jeannotin de la veille-1331>_31239,"encore moi - même , je me défendais tout seul"
Bloy-Leon_La-Femme-pauvre_<Le Jeannotin de la veille-1331>_31245,me défendais tout seul . J' étais un héros .
Bloy-Leon_La-Femme-pauvre_<Le Jeannotin de la veille-1331>_31250,J' étais un héros . J' ai tué un ami
Bloy-Leon_La-Femme-pauvre_<Le Jeannotin de la veille-1331>_31265,". Oui , Monsieur , j' ai tué un être"
Bloy-Leon_La-Femme-pauvre_<Le Jeannotin de la veille-1331>_31278,ressemblance de Dieu qui ne m' avait pas même offensé
Bloy-Leon_La-Femme-pauvre_<Le Jeannotin de la veille-1331>_31292,une affaire d' honneur . Je l' ai frappé en
Bloy-Leon_La-Femme-pauvre_<Le Jeannotin de la veille-1331>_31304,"et il est mort en me regardant , sans dire"
Bloy-Leon_La-Femme-pauvre_<Le Jeannotin de la veille-1331>_31315,mot . Ce regard ne m' a pas quitté depuis
Bloy-Leon_La-Femme-pauvre_<Le Jeannotin de la veille-1331>_31329,"et , au moment où je vous parle , il"
Bloy-Leon_La-Femme-pauvre_<Le Jeannotin de la veille-1331>_31341,"- haut , juste devant moi , sur cette vieille"
Bloy-Leon_La-Femme-pauvre_<Le Jeannotin de la veille-1331>_31352,du firmament ! … Quand je me représente cette minute
Bloy-Leon_La-Femme-pauvre_<Le Jeannotin de la veille-1331>_31358,"me représente cette minute , je suis capable de tout"
Bloy-Leon_La-Femme-pauvre_<Le Jeannotin de la veille-1331>_31365,capable de tout endurer . Ma seule consolation et mon
Bloy-Leon_La-Femme-pauvre_<Le Jeannotin de la veille-1331>_31369,". Ma seule consolation et mon seul espoir , c'"
Bloy-Leon_La-Femme-pauvre_<Le Jeannotin de la veille-1331>_31380,"qu' on se moque de moi , qu' on m'"
Bloy-Leon_La-Femme-pauvre_<Le Jeannotin de la veille-1331>_31384,"de moi , qu' on m' insulte , qu' on"
Bloy-Leon_La-Femme-pauvre_<Le Jeannotin de la veille-1331>_31389,"m' insulte , qu' on me traîne le visage dans"
Bloy-Leon_La-Femme-pauvre_<Le Jeannotin de la veille-1331>_31402,"Ceux qui font ainsi , je les aime et je"
Bloy-Leon_La-Femme-pauvre_<Le Jeannotin de la veille-1331>_31406,", je les aime et je les bénis « de"
Bloy-Leon_La-Femme-pauvre_<Le Jeannotin de la veille-1331>_31453,contre un pauvre homme dont je ne mérite pas certainement
Bloy-Leon_La-Femme-pauvre_<Le Jeannotin de la veille-1331>_31464,décrotter la chaussure . Vous m' avez forcé à prier
Bloy-Leon_La-Femme-pauvre_<Le Jeannotin de la veille-1331>_31488,"et , ce matin , je l' ai supplié ,"
Bloy-Leon_La-Femme-pauvre_<Le Jeannotin de la veille-1331>_31502,"de notre Sauveur , de me marcher sur la figure"
Bloy-Leon_La-Femme-pauvre_<Le Jeannotin de la veille-1331>_31509,sur la figure . Vous m' avez vu pleurer et
Bloy-Leon_La-Femme-pauvre_<Le Jeannotin de la veille-1331>_31528,"que vous êtes généreux . J' ai eu tort ,"
Bloy-Leon_La-Femme-pauvre_<Le Jeannotin de la veille-1331>_31534,"ai eu tort , mais je ne peux pas m'"
Bloy-Leon_La-Femme-pauvre_<Le Jeannotin de la veille-1331>_31548,"c' est un prêtre qui me parle , parce qu'"
Bloy-Leon_La-Femme-pauvre_<Le Jeannotin de la veille-1331>_31554,"parle , parce qu' alors je vois en lui un"
Bloy-Leon_La-Femme-pauvre_<Le Jeannotin de la veille-1331>_31561,en lui un juge qui me rappelle que je suis
Bloy-Leon_La-Femme-pauvre_<Le Jeannotin de la veille-1331>_31564,juge qui me rappelle que je suis un assassin et
Bloy-Leon_La-Femme-pauvre_<Le Jeannotin de la veille-1331>_31569,je suis un assassin et la dernière de toutes les
Bloy-Leon_La-Femme-pauvre_<Le Jeannotin de la veille-1331>_31584,", n' essayez pas de me justifier , je vous"
Bloy-Leon_La-Femme-pauvre_<Le Jeannotin de la veille-1331>_31587,"pas de me justifier , je vous en conjure !"
Bloy-Leon_La-Femme-pauvre_<Le Jeannotin de la veille-1331>_31593,vous en conjure ! Ne me dites rien d' humain
Bloy-Leon_La-Femme-pauvre_<Le Jeannotin de la veille-1331>_31599,"dites rien d' humain , je vous le demande pour"
Bloy-Leon_La-Femme-pauvre_<Le Jeannotin de la veille-1331>_31628,", croyez - vous que je ne me le sois"
Bloy-Leon_La-Femme-pauvre_<Le Jeannotin de la veille-1331>_31636,le sois pas dit à moi - même et que
Bloy-Leon_La-Femme-pauvre_<Le Jeannotin de la veille-1331>_31645,que d' autres encore ne me l' aient pas dit
Bloy-Leon_La-Femme-pauvre_<Le Jeannotin de la veille-1331>_31656,jusqu' au jour où il me fut donné de comprendre
Bloy-Leon_La-Femme-pauvre_<Le Jeannotin de la veille-1331>_31662,fut donné de comprendre que j' étais un abominable ?
Bloy-Leon_La-Femme-pauvre_<Le Jeannotin de la veille-1331>_31671,? … Cet homme que j' ai assassiné avait une
Bloy-Leon_La-Femme-pauvre_<Le Jeannotin de la veille-1331>_31692,", entendez - vous ? Moi , j' ai donné"
Bloy-Leon_La-Femme-pauvre_<Le Jeannotin de la veille-1331>_31694,"- vous ? Moi , j' ai donné un million"
Bloy-Leon_La-Femme-pauvre_<Le Jeannotin de la veille-1331>_31704,pour les orphelins . Si je n' ai pas tout
Bloy-Leon_La-Femme-pauvre_<Le Jeannotin de la veille-1331>_31723,s' y opposaient . Mais j' ai promis à la
Bloy-Leon_La-Femme-pauvre_<Le Jeannotin de la veille-1331>_31735,"de vivre , jusqu' à ma dernière heure , à"
Bloy-Leon_La-Femme-pauvre_<Le Jeannotin de la veille-1331>_31746,façon d' un mendiant . J' espérais ainsi que la
Bloy-Leon_La-Femme-pauvre_<Le Jeannotin de la veille-1331>_31754,"que la paix reviendrait en moi , comme si la"
Bloy-Leon_La-Femme-pauvre_<Le Jeannotin de la veille-1331>_31783,des princes des prêtres que j' ai donné à ces
Bloy-Leon_La-Femme-pauvre_<Le Jeannotin de la veille-1331>_31818,"la paix divine , et je suis crucifié tous les"
Bloy-Leon_La-Femme-pauvre_<Le Jeannotin de la veille-1331>_31825,"crucifié tous les jours ! Je vous dis cela ,"
Bloy-Leon_La-Femme-pauvre_<Le Jeannotin de la veille-1331>_31849,concevoir de l' estime . Je suis encore trop lâche
Bloy-Leon_La-Femme-pauvre_<Le Jeannotin de la veille-1331>_31856,encore trop lâche pour raconter ma vie à tout le
Bloy-Leon_La-Femme-pauvre_<Le Jeannotin de la veille-1331>_31865,"le monde , ainsi que je le devrais peut -"
Bloy-Leon_La-Femme-pauvre_<Le Jeannotin de la veille-1331>_31881,pénitents du Moyen Age . J' ai voulu me faire
Bloy-Leon_La-Femme-pauvre_<Le Jeannotin de la veille-1331>_31892,", puis chartreux . On m' a déclaré partout que"
Bloy-Leon_La-Femme-pauvre_<Le Jeannotin de la veille-1331>_31897,m' a déclaré partout que je n' avais pas la
Bloy-Leon_La-Femme-pauvre_<Le Jeannotin de la veille-1331>_31905,pas la vocation . Alors je me suis marié pour
Bloy-Leon_La-Femme-pauvre_<Le Jeannotin de la veille-1331>_31912,suis marié pour souffrir tout mon soûl . J' ai
Bloy-Leon_La-Femme-pauvre_<Le Jeannotin de la veille-1331>_31915,souffrir tout mon soûl . J' ai pris une vieille
Bloy-Leon_La-Femme-pauvre_<Le Jeannotin de la veille-1331>_31932,ne voulaient plus . Elle me roue de coups et
Bloy-Leon_La-Femme-pauvre_<Le Jeannotin de la veille-1331>_31937,me roue de coups et m' abreuve de ridicule et
Bloy-Leon_La-Femme-pauvre_<Le Jeannotin de la veille-1331>_31945,ridicule et d' ignominie … Je ne la laisse manquer
Bloy-Leon_La-Femme-pauvre_<Le Jeannotin de la veille-1331>_31954,"manquer de rien , mais j' ai mis en lieu"
Bloy-Leon_La-Femme-pauvre_<Le Jeannotin de la veille-1331>_31963,lieu sûr les débris de ma fortune qui fut assez
Bloy-Leon_La-Femme-pauvre_<Le Jeannotin de la veille-1331>_31979,"des pauvres , sur lequel je prélève de faibles sommes"
Bloy-Leon_La-Femme-pauvre_<Le Jeannotin de la veille-1331>_31985,prélève de faibles sommes pour mes voyages . L' année
Bloy-Leon_La-Femme-pauvre_<Le Jeannotin de la veille-1331>_31992,". L' année dernière , j' étais en Terre Sainte"
Bloy-Leon_La-Femme-pauvre_<Le Jeannotin de la veille-1331>_32000,Terre Sainte . Aujourd' hui je suis à la Salette
Bloy-Leon_La-Femme-pauvre_<Le Jeannotin de la veille-1331>_32013,trentième fois . On doit me connaître . C' est
Bloy-Leon_La-Femme-pauvre_<Le Jeannotin de la veille-1331>_32020,. C' est ici que j' ai reçu les plus
Bloy-Leon_La-Femme-pauvre_<Le Jeannotin de la veille-1331>_32028,les plus grands secours et j' engage tous les malheureux
Bloy-Leon_La-Femme-pauvre_<Le Jeannotin de la veille-1331>_32064,"sont bien à plaindre . Moi , je commence à"
Bloy-Leon_La-Femme-pauvre_<Le Jeannotin de la veille-1331>_32066,"à plaindre . Moi , je commence à comprendre et"
Bloy-Leon_La-Femme-pauvre_<Le Jeannotin de la veille-1331>_32074,"comprendre et , quelquefois , j' obtiens d' être délié"
Bloy-Leon_La-Femme-pauvre_<Le Jeannotin de la veille-1331>_32083,délié pendant une heure … Il s' arrêta et je
Bloy-Leon_La-Femme-pauvre_<Le Jeannotin de la veille-1331>_32087,… Il s' arrêta et je me gardai bien de
Bloy-Leon_La-Femme-pauvre_<Le Jeannotin de la veille-1331>_32093,me gardai bien de rompre ses pensées . J' eusse
Bloy-Leon_La-Femme-pauvre_<Le Jeannotin de la veille-1331>_32096,"de rompre ses pensées . J' eusse été , d'"
Bloy-Leon_La-Femme-pauvre_<Le Jeannotin de la veille-1331>_32113,un seul mot qui ne m' aurait pas semblé ridicule
Bloy-Leon_La-Femme-pauvre_<Le Jeannotin de la veille-1331>_32134,de l' Expiation . Quand il se remit à parler
Bloy-Leon_La-Femme-pauvre_<Le Jeannotin de la veille-1331>_32146,"bout d' un instant , j' eus la surprise d'"
Bloy-Leon_La-Femme-pauvre_<Le Jeannotin de la veille-1331>_32164,pathétique formidable qui venait de me serrer toutes les fibres
Bloy-Leon_La-Femme-pauvre_<Le Jeannotin de la veille-1331>_32202,humble et mystérieusement placide que j' avais entendue la veille
Bloy-Leon_La-Femme-pauvre_<Le Jeannotin de la veille-1331>_32210,"la veille . – On me raille souvent , disait"
Bloy-Leon_La-Femme-pauvre_<Le Jeannotin de la veille-1331>_32215,"me raille souvent , disait cette voix , à propos"
Bloy-Leon_La-Femme-pauvre_<Le Jeannotin de la veille-1331>_32223,à propos des bêtes . Vous en avez été le
Bloy-Leon_La-Femme-pauvre_<Le Jeannotin de la veille-1331>_32230,avez été le témoin . Je crois deviner en vous
Bloy-Leon_La-Femme-pauvre_<Le Jeannotin de la veille-1331>_32234,. Je crois deviner en vous un homme d' imagination
Bloy-Leon_La-Femme-pauvre_<Le Jeannotin de la veille-1331>_32240,"un homme d' imagination . Vous pourriez soupçonner , par"
Bloy-Leon_La-Femme-pauvre_<Le Jeannotin de la veille-1331>_32248,", par conséquent , – me supposant un zèle admirable"
Bloy-Leon_La-Femme-pauvre_<Le Jeannotin de la veille-1331>_32263,"mais indiscret , – que je me suis donné ce"
Bloy-Leon_La-Femme-pauvre_<Le Jeannotin de la veille-1331>_32278,n' en est rien . Je suis véritablement fait comme
Bloy-Leon_La-Femme-pauvre_<Le Jeannotin de la veille-1331>_32285,"véritablement fait comme cela . J' aime les animaux ,"
Bloy-Leon_La-Femme-pauvre_<Le Jeannotin de la veille-1331>_32309,"aimer les hommes , quoique je sache très bien leur"
Bloy-Leon_La-Femme-pauvre_<Le Jeannotin de la veille-1331>_32316,"très bien leur infériorité . J' ai quelquefois désiré ,"
Bloy-Leon_La-Femme-pauvre_<Le Jeannotin de la veille-1331>_32321,"J' ai quelquefois désiré , je l' avoue , d'"
Bloy-Leon_La-Femme-pauvre_<Le Jeannotin de la veille-1331>_32354,"pas réalisé jusqu' ici , je n' ignore nullement ce"
Bloy-Leon_La-Femme-pauvre_<Le Jeannotin de la veille-1331>_32374,de sentir qui va chez moi jusqu' à la passion
Bloy-Leon_La-Femme-pauvre_<Le Jeannotin de la veille-1331>_32488,êtes ma famille ! » J' aime les bêtes parce
Bloy-Leon_La-Femme-pauvre_<Le Jeannotin de la veille-1331>_32494,aime les bêtes parce que j' aime Dieu et que
Bloy-Leon_La-Femme-pauvre_<Le Jeannotin de la veille-1331>_32499,j' aime Dieu et que je l' adore profondément dans
Bloy-Leon_La-Femme-pauvre_<Le Jeannotin de la veille-1331>_32511,il a fait . Quand je parle affectueusement à une
Bloy-Leon_La-Femme-pauvre_<Le Jeannotin de la veille-1331>_32519,"à une bête misérable , soyez persuadé que je tâche"
Bloy-Leon_La-Femme-pauvre_<Le Jeannotin de la veille-1331>_32522,"misérable , soyez persuadé que je tâche de me coller"
Bloy-Leon_La-Femme-pauvre_<Le Jeannotin de la veille-1331>_32575,de toute l' animalité . Je sais aussi que Dieu
Bloy-Leon_La-Femme-pauvre_<Le Jeannotin de la veille-1331>_32700,- Christ ? … Il me parla ainsi très longtemps
Bloy-Leon_La-Femme-pauvre_<Le Jeannotin de la veille-1331>_32716,"un grand amour et , je vous prie de le"
Bloy-Leon_La-Femme-pauvre_<Le Jeannotin de la veille-1331>_32735,merveilleuse du symbolisme chrétien que j' étais infiniment éloigné d'
Bloy-Leon_La-Femme-pauvre_<Le Jeannotin de la veille-1331>_32749,Plût à Dieu qu' il me fût possible de vous
Bloy-Leon_La-Femme-pauvre_<Le Jeannotin de la veille-1331>_32761,toutes ses paroles ! … Je dois beaucoup à cet
Bloy-Leon_La-Femme-pauvre_<Le Jeannotin de la veille-1331>_32769,"à cet homme simple qui me donna , en quelques"
Bloy-Leon_La-Femme-pauvre_<Le Jeannotin de la veille-1331>_32803,bêtes . Eh bien ! je vous assure qu' il
Bloy-Leon_La-Femme-pauvre_<Le Jeannotin de la veille-1331>_32866,". En l' écoutant , je me souvenais de ces"
Bloy-Leon_La-Femme-pauvre_<Le Jeannotin de la veille-1331>_32892,parfumé l' Occident ; et je revoyais aussi tous ces
Bloy-Leon_La-Femme-pauvre_<Le Jeannotin de la veille-1331>_32918,cieux . Le peu que je vous ai rapporté de
Bloy-Leon_La-Femme-pauvre_<Le Jeannotin de la veille-1331>_32978,"– comme les élus dont j' ai parlé , –"
Bloy-Leon_La-Femme-pauvre_<Le Jeannotin de la veille-1331>_32998,de la Trinité qu' il me faisait épeler dans les
Bloy-Leon_La-Femme-pauvre_<Le Jeannotin de la veille-1331>_33009,symboliques de la Nature … Mon ravissement fut inexprimable .
Bloy-Leon_La-Femme-pauvre_<Le Jeannotin de la veille-1331>_33047,". – Les animaux , me disait - il ,"
Bloy-Leon_La-Femme-pauvre_<Le Jeannotin de la veille-1331>_33069,vaincue … Parole étrange dont je n' ai pas encore
Bloy-Leon_La-Femme-pauvre_<Clotilde-3456>_72863,verdure . Ainsi recommençait pour Clotilde la péripétie du début
Bloy-Leon_La-Femme-pauvre_<Clotilde-3456>_72869,"la péripétie du début de ses relations avec Gacougnol ,"
Bloy-Leon_La-Femme-pauvre_<Clotilde-3456>_72889,"avait pas à dire , elle s' était elle -"
Bloy-Leon_La-Femme-pauvre_<Clotilde-3456>_72892,"dire , elle s' était elle - même spontanément trahie"
Bloy-Leon_La-Femme-pauvre_<Clotilde-3456>_72901,"trahie , et n' en éprouvait que de la joie"
Bloy-Leon_La-Femme-pauvre_<Clotilde-3456>_72923,Comment le croire ? Il lui avait suffi de rencontrer
Bloy-Leon_La-Femme-pauvre_<Clotilde-3456>_72932,rencontrer Léopold pour sentir qu' elle ne s' appartenait absolument
Bloy-Leon_La-Femme-pauvre_<Clotilde-3456>_72954,", les fantômes impitoyables qui l' avaient tant obsédée …"
Bloy-Leon_La-Femme-pauvre_<Clotilde-3456>_72988,"homme avait eu pitié de sa détresse . Seulement ,"
Bloy-Leon_La-Femme-pauvre_<Clotilde-3456>_73002,"lieu aimable et solitaire , elle était en présence d'"
Bloy-Leon_La-Femme-pauvre_<Clotilde-3456>_73010,présence d' un être qui l' adorait et qu' elle
Bloy-Leon_La-Femme-pauvre_<Clotilde-3456>_73014,qui l' adorait et qu' elle adorait . Pour la
Bloy-Leon_La-Femme-pauvre_<Clotilde-3456>_73022,"Pour la première fois , elle se souvint de Gacougnol"
Bloy-Leon_La-Femme-pauvre_<Clotilde-3456>_73035,". « Mon enfant , lui avait - il dit"
Bloy-Leon_La-Femme-pauvre_<Clotilde-3456>_73046,prenez avec simplicité ce qui vous arrive d' heureux .
Bloy-Leon_La-Femme-pauvre_<Clotilde-3456>_73054,heureux . » Ces mots lui étaient restés avec bien
Bloy-Leon_La-Femme-pauvre_<Clotilde-3456>_73063,bien d' autres . Ils lui traversaient l' esprit comme
Bloy-Leon_La-Femme-pauvre_<Clotilde-3456>_73074,"la lumière , tandis qu' elle contemplait son compagnon ,"
Bloy-Leon_La-Femme-pauvre_<Clotilde-3456>_73076,", tandis qu' elle contemplait son compagnon , et il"
Bloy-Leon_La-Femme-pauvre_<Clotilde-3456>_73081,"son compagnon , et il lui semblait que la plus"
Bloy-Leon_La-Femme-pauvre_<Clotilde-3456>_73098,"formées s' en venait vers elle pour la caresser ,"
Bloy-Leon_La-Femme-pauvre_<Clotilde-3456>_73100,"en venait vers elle pour la caresser , pour l'"
Bloy-Leon_La-Femme-pauvre_<Clotilde-3456>_73104,"pour la caresser , pour l' enivrer . Quant à"
Bloy-Leon_La-Femme-pauvre_<Clotilde-3456>_73122,à un enfant . – Vous êtes ma fête nationale
Bloy-Leon_La-Femme-pauvre_<Clotilde-3456>_73137,"car il n' osait encore la tutoyer , vous êtes"
Bloy-Leon_La-Femme-pauvre_<Clotilde-3456>_73140,"osait encore la tutoyer , vous êtes l' illumination de"
Bloy-Leon_La-Femme-pauvre_<Clotilde-3456>_73148,"illumination de mes yeux , vous êtes mes couleurs de"
Bloy-Leon_La-Femme-pauvre_<Clotilde-3456>_73161,"je voudrais mourir , et votre voix chère est une"
Bloy-Leon_La-Femme-pauvre_<Clotilde-3456>_73175,"d' entre les morts . Vous êtes ma Bastille ,"
Bloy-Leon_La-Femme-pauvre_<Clotilde-3456>_73204,et de ses Anges qui vous a jetée sur le
Bloy-Leon_La-Femme-pauvre_<Clotilde-3456>_73215,"de ce tigre affamé de vous , qui vous a"
Bloy-Leon_La-Femme-pauvre_<Clotilde-3456>_73218,"affamé de vous , qui vous a forcée de vous"
Bloy-Leon_La-Femme-pauvre_<Clotilde-3456>_73237,fait ni voulu faire pour vous avoir à ma merci
Bloy-Leon_La-Femme-pauvre_<Clotilde-3456>_73243,"avoir à ma merci ! Clotilde répondait moins follement ,"
Bloy-Leon_La-Femme-pauvre_<Clotilde-3456>_73302,", sur son visage . Elle , très anxieuse ,"
Bloy-Leon_La-Femme-pauvre_<Clotilde-3456>_73323,"t - il , de vous dire tout ce que"
Bloy-Leon_La-Femme-pauvre_<Clotilde-3456>_73336,le droit de savoir . La touchante et naïve créature
Bloy-Leon_La-Femme-pauvre_<Clotilde-3456>_73357,"tué des hommes , la retourna sur la table ,"
Bloy-Leon_La-Femme-pauvre_<Clotilde-3456>_73362,"retourna sur la table , plongea sa figure dans cette"
Bloy-Leon_La-Femme-pauvre_<Clotilde-3456>_73363,"sur la table , plongea sa figure dans cette main"
Bloy-Leon_La-Femme-pauvre_<Clotilde-3456>_73369,figure dans cette main qu' elle remplit aussitôt de larmes
Bloy-Leon_La-Femme-pauvre_<Clotilde-3456>_73394,changer de posture : – Votre femme ! dit -
Bloy-Leon_La-Femme-pauvre_<Clotilde-3456>_73398,"– Votre femme ! dit - elle , ah !"
Bloy-Leon_La-Femme-pauvre_<Clotilde-3456>_73403,"- elle , ah ! mon ami , j' étais"
Bloy-Leon_La-Femme-pauvre_<Clotilde-3456>_73406,"ah ! mon ami , j' étais si heureuse d'"
Bloy-Leon_La-Femme-pauvre_<Clotilde-3456>_73430,pas vous - même que la pauvresse n' a rien
Bloy-Leon_La-Femme-pauvre_<Clotilde-3456>_73452,"releva cette face noyée , la baisa au front et"
Bloy-Leon_La-Femme-pauvre_<Clotilde-3456>_73460,front et répondit : – La pauvresse dont tu parles
Bloy-Leon_La-Femme-pauvre_<Clotilde-3456>_73462,répondit : – La pauvresse dont tu parles me suffit
Bloy-Leon_La-Femme-pauvre_<Clotilde-3456>_73463,": – La pauvresse dont tu parles me suffit ,"
Bloy-Leon_La-Femme-pauvre_<Clotilde-3456>_73473,ma bien - aimée . Tu n' as point d'
Bloy-Leon_La-Femme-pauvre_<Clotilde-3456>_73492,"commençâmes à nous connaître , tu exigeas noblement de notre"
Bloy-Leon_La-Femme-pauvre_<Clotilde-3456>_73496,", tu exigeas noblement de notre ami qu' il me"
Bloy-Leon_La-Femme-pauvre_<Clotilde-3456>_73499,noblement de notre ami qu' il me racontât ce que
Bloy-Leon_La-Femme-pauvre_<Clotilde-3456>_73504,il me racontât ce que tu lui avais raconté toi
Bloy-Leon_La-Femme-pauvre_<Clotilde-3456>_73505,me racontât ce que tu lui avais raconté toi -
Bloy-Leon_La-Femme-pauvre_<Clotilde-3456>_73508,"que tu lui avais raconté toi - même , et"
Bloy-Leon_La-Femme-pauvre_<Clotilde-3456>_73513,"toi - même , et il a obéi . Tu"
Bloy-Leon_La-Femme-pauvre_<Clotilde-3456>_73517,"et il a obéi . Tu es ma femme ,"
Bloy-Leon_La-Femme-pauvre_<Clotilde-3456>_73539,un prêtre nous ait bénis tu dois m' entendre .
Bloy-Leon_La-Femme-pauvre_<Clotilde-3456>_73547,"entendre . Si mon histoire te paraît trop abominable ,"
Bloy-Leon_La-Femme-pauvre_<Clotilde-3456>_73552,"te paraît trop abominable , tu me le diras très"
Bloy-Leon_La-Femme-pauvre_<Clotilde-3456>_73577,"ces quelques heures divines ! Clotilde , la joue appuyée"
Bloy-Leon_La-Femme-pauvre_<Clotilde-3456>_73583,", la joue appuyée sur ses deux mains jointes ,"
Bloy-Leon_La-Femme-pauvre_<Clotilde-3456>_73606,l' écoutait déjà . V Je suis à peu près
Bloy-Leon_La-Femme-pauvre_<Clotilde-3456>_73616,célèbre et personne ne sait mon nom . Je veux
Bloy-Leon_La-Femme-pauvre_<Clotilde-3456>_73619,ne sait mon nom . Je veux dire mon nom
Bloy-Leon_La-Femme-pauvre_<Clotilde-3456>_73622,"nom . Je veux dire mon nom de famille ,"
Bloy-Leon_La-Femme-pauvre_<Clotilde-3456>_73648,", quand on meurt . Mes amis ne le connaissent"
Bloy-Leon_La-Femme-pauvre_<Clotilde-3456>_73735,que vous êtes coiffée par moi d' une des plus
Bloy-Leon_La-Femme-pauvre_<Clotilde-3456>_73750,y ait en France . J' espère qu' on l'
Bloy-Leon_La-Femme-pauvre_<Clotilde-3456>_73767,. Laissons cela . Voici mon histoire ou mon roman
Bloy-Leon_La-Femme-pauvre_<Clotilde-3456>_73770,. Voici mon histoire ou mon roman que je vais
Bloy-Leon_La-Femme-pauvre_<Clotilde-3456>_73773,histoire ou mon roman que je vais expédier sans phrases
Bloy-Leon_La-Femme-pauvre_<Clotilde-3456>_73782,"phrases , car ces souvenirs me tuent . Mon père"
Bloy-Leon_La-Femme-pauvre_<Clotilde-3456>_73785,ces souvenirs me tuent . Mon père était un homme
Bloy-Leon_La-Femme-pauvre_<Clotilde-3456>_73797,d' un orgueil terrible . Je ne me souviens pas
Bloy-Leon_La-Femme-pauvre_<Clotilde-3456>_73820,sa mort a été pour moi une délivrance . Quant
Bloy-Leon_La-Femme-pauvre_<Clotilde-3456>_73826,"une délivrance . Quant à ma mère , dont je"
Bloy-Leon_La-Femme-pauvre_<Clotilde-3456>_73830,"à ma mère , dont je ne puis me rappeler"
Bloy-Leon_La-Femme-pauvre_<Clotilde-3456>_73839,"rappeler les traits , on m' a dit qu' il"
Bloy-Leon_La-Femme-pauvre_<Clotilde-3456>_73855,pied dans le ventre . J' avais une sœur illégitime
Bloy-Leon_La-Femme-pauvre_<Clotilde-3456>_73866,"un peu plus âgée que moi , élevée , depuis"
Bloy-Leon_La-Femme-pauvre_<Clotilde-3456>_73880,fond d' une province . Je ne l' ai connue
Bloy-Leon_La-Femme-pauvre_<Clotilde-3456>_73887,l' ai connue que lorsque j' étais déjà tout à
Bloy-Leon_La-Femme-pauvre_<Clotilde-3456>_73898,un homme . On ne m' en parlait jamais .
Bloy-Leon_La-Femme-pauvre_<Clotilde-3456>_73917,avait pris sur lui de me priver de cette affection
Bloy-Leon_La-Femme-pauvre_<Clotilde-3456>_73923,priver de cette affection . J' ai donc vécu aussi
Bloy-Leon_La-Femme-pauvre_<Clotilde-3456>_73947,dans un lycée où on me laissa croupir des années
Bloy-Leon_La-Femme-pauvre_<Clotilde-3456>_73966,éducation n' était pas pour me dilater le cœur .
Bloy-Leon_La-Femme-pauvre_<Clotilde-3456>_73971,me dilater le cœur . Je doute qu' il y
Bloy-Leon_La-Femme-pauvre_<Clotilde-3456>_73989,"Parvenu à l' adolescence , je me mis à faire"
Bloy-Leon_La-Femme-pauvre_<Clotilde-3456>_74007,"plus lugubre des noces , je vous prie de le"
Bloy-Leon_La-Femme-pauvre_<Clotilde-3456>_74025,"un effroyable destin , où je fis la connaissance d'"
Bloy-Leon_La-Femme-pauvre_<Clotilde-3456>_74034,d' une jeune fille que je nommerai … voyons !
Bloy-Leon_La-Femme-pauvre_<Clotilde-3456>_74046,si vous voulez . Ne me demandez pas son portrait
Bloy-Leon_La-Femme-pauvre_<Clotilde-3456>_74057,"Elle était très belle , je crois . Mais il"
Bloy-Leon_La-Femme-pauvre_<Clotilde-3456>_74075,"innocente , quoique rencontrée pour ma damnation , une force"
Bloy-Leon_La-Femme-pauvre_<Clotilde-3456>_74088,affinité mystérieuse et irrésistible qui me soutira le cœur .
Bloy-Leon_La-Femme-pauvre_<Clotilde-3456>_74101,"regard que nous échangeâmes , je sentis que j' avais"
Bloy-Leon_La-Femme-pauvre_<Clotilde-3456>_74104,"échangeâmes , je sentis que j' avais les fers aux"
Bloy-Leon_La-Femme-pauvre_<Clotilde-3456>_74149,"partagé . … Elle devint ma maîtresse , vous entendez"
Bloy-Leon_La-Femme-pauvre_<Clotilde-3456>_74152,"Elle devint ma maîtresse , vous entendez bien ? Clotilde"
Bloy-Leon_La-Femme-pauvre_<Clotilde-3456>_74158,"entendez bien ? Clotilde , ma maîtresse ! reprit le"
Bloy-Leon_La-Femme-pauvre_<Clotilde-3456>_74162,", ma maîtresse ! reprit le narrateur , après un"
Bloy-Leon_La-Femme-pauvre_<Clotilde-3456>_74268,dans un lieu public où j' avais eu l' occasion
Bloy-Leon_La-Femme-pauvre_<Clotilde-3456>_74280,rendre un service insignifiant dont je sus me prévaloir pour
Bloy-Leon_La-Femme-pauvre_<Clotilde-3456>_74345,"air de se réveiller et me pria , d' un"
Bloy-Leon_La-Femme-pauvre_<Clotilde-3456>_74362,faire connaître l' objet de mes visites continuelles . –
Bloy-Leon_La-Femme-pauvre_<Clotilde-3456>_74373,", Madame , lui dis - je , ne le"
Bloy-Leon_La-Femme-pauvre_<Clotilde-3456>_74386,"donc pas ? C' est mon intention formelle , aussi"
Bloy-Leon_La-Femme-pauvre_<Clotilde-3456>_74393,"formelle , aussi bien que mon désir le plus vif"
Bloy-Leon_La-Femme-pauvre_<Clotilde-3456>_74409,le plus tôt possible . Je crois savoir qu' elle
Bloy-Leon_La-Femme-pauvre_<Clotilde-3456>_74415,crois savoir qu' elle partage mes sentiments et j' ai
Bloy-Leon_La-Femme-pauvre_<Clotilde-3456>_74418,elle partage mes sentiments et j' ai l' honneur de
Bloy-Leon_La-Femme-pauvre_<Clotilde-3456>_74449,"fort irrégulière . Cependant , je ne mentais pas ."
Bloy-Leon_La-Femme-pauvre_<Clotilde-3456>_74489,n' était pas là pour me donner une explication ou
Bloy-Leon_La-Femme-pauvre_<Clotilde-3456>_74497,"explication ou s' étonner avec moi , et je dus"
Bloy-Leon_La-Femme-pauvre_<Clotilde-3456>_74500,"étonner avec moi , et je dus me retirer …"
Bloy-Leon_La-Femme-pauvre_<Clotilde-3456>_74505,je dus me retirer … Je ne l' ai jamais
Bloy-Leon_La-Femme-pauvre_<Clotilde-3456>_74525,"cela vingt ans , et je ne saurais dire aujourd'"
Bloy-Leon_La-Femme-pauvre_<Clotilde-3456>_74538,est vivante ou morte … Il s' arrêta une seconde
Bloy-Leon_La-Femme-pauvre_<Clotilde-3456>_74565,se mettre à côté de lui . – Mon ami
Bloy-Leon_La-Femme-pauvre_<Clotilde-3456>_74571,". – Mon ami , lui dit - elle ,"
Bloy-Leon_La-Femme-pauvre_<Clotilde-3456>_74606,pas besoin de confidences qui vous font souffrir et je
Bloy-Leon_La-Femme-pauvre_<Clotilde-3456>_74618,pas un prêtre pour entendre votre confession . Ne vous
Bloy-Leon_La-Femme-pauvre_<Clotilde-3456>_74624,confession . Ne vous ai - je pas dit que
Bloy-Leon_La-Femme-pauvre_<Clotilde-3456>_74635,"sommes deux malheureux ? Je vous en supplie , ne"
Bloy-Leon_La-Femme-pauvre_<Clotilde-3456>_74647,"notre joie . – Il me reste , continua l'"
Bloy-Leon_La-Femme-pauvre_<Clotilde-3456>_74651,"Il me reste , continua l' homme avec autorité ,"
Bloy-Leon_La-Femme-pauvre_<Clotilde-3456>_74668,scène terrible du lendemain . Mon père me fit appeler
Bloy-Leon_La-Femme-pauvre_<Clotilde-3456>_74670,du lendemain . Mon père me fit appeler . Je
Bloy-Leon_La-Femme-pauvre_<Clotilde-3456>_74674,père me fit appeler . Je verrai toute ma vie
Bloy-Leon_La-Femme-pauvre_<Clotilde-3456>_74677,appeler . Je verrai toute ma vie l' abominable figure
Bloy-Leon_La-Femme-pauvre_<Clotilde-3456>_74683,vie l' abominable figure dont il m' accueillit . C'
Bloy-Leon_La-Femme-pauvre_<Clotilde-3456>_74684,l' abominable figure dont il m' accueillit . C' était
Bloy-Leon_La-Femme-pauvre_<Clotilde-3456>_74719,"dont quelques - unes , je crois , furent assez"
Bloy-Leon_La-Femme-pauvre_<monsieur Gacougnol-1488>_34280,"était ensemble , ce que monsieur Gacougnol avait fait pour"
Bloy-Leon_La-Femme-pauvre_<monsieur Gacougnol-1488>_34330,"nuits , et de supplier Gacougnol , puisqu' elle irait"
Bloy-Leon_La-Femme-pauvre_<monsieur Gacougnol-1488>_34336,", puisqu' elle irait chez lui tous les jours ,"
Bloy-Leon_La-Femme-pauvre_<monsieur Gacougnol-1488>_34422,"d' un premier étage . Gacougnol , qui observait attentivement"
Bloy-Leon_La-Femme-pauvre_<monsieur Gacougnol-1488>_34424,"premier étage . Gacougnol , qui observait attentivement sa tremblante"
Bloy-Leon_La-Femme-pauvre_<monsieur Gacougnol-1488>_34427,"Gacougnol , qui observait attentivement sa tremblante amie et qui"
Bloy-Leon_La-Femme-pauvre_<monsieur Gacougnol-1488>_34431,"attentivement sa tremblante amie et qui pénétrait , en souriant"
Bloy-Leon_La-Femme-pauvre_<monsieur Gacougnol-1488>_34447,"de la rassurer . – Ma chère Clotilde , lui"
Bloy-Leon_La-Femme-pauvre_<monsieur Gacougnol-1488>_34453,"chère Clotilde , lui dit - il , ne vous"
Bloy-Leon_La-Femme-pauvre_<monsieur Gacougnol-1488>_34462,"vous tourmentez donc pas , je vous en prie ."
Bloy-Leon_La-Femme-pauvre_<monsieur Gacougnol-1488>_34485,", par hasard , que je vais vous abandonner ?"
Bloy-Leon_La-Femme-pauvre_<monsieur Gacougnol-1488>_34517,"… De quel côté allez - vous , Marchenoir ?"
Bloy-Leon_La-Femme-pauvre_<monsieur Gacougnol-1488>_34520,"côté allez - vous , Marchenoir ? – Oh !"
Bloy-Leon_La-Femme-pauvre_<monsieur Gacougnol-1488>_34526,? – Oh ! ne vous occupez pas de moi
Bloy-Leon_La-Femme-pauvre_<monsieur Gacougnol-1488>_34530,"ne vous occupez pas de moi , mon domicile est"
Bloy-Leon_La-Femme-pauvre_<monsieur Gacougnol-1488>_34532,"occupez pas de moi , mon domicile est à deux"
Bloy-Leon_La-Femme-pauvre_<monsieur Gacougnol-1488>_34553,Quittons - nous ici . J' irai vous voir prochainement
Bloy-Leon_La-Femme-pauvre_<monsieur Gacougnol-1488>_34555,"nous ici . J' irai vous voir prochainement , puisque"
Bloy-Leon_La-Femme-pauvre_<monsieur Gacougnol-1488>_34560,"vous voir prochainement , puisque je suis enfin débarrassé de"
Bloy-Leon_La-Femme-pauvre_<monsieur Gacougnol-1488>_34565,je suis enfin débarrassé de mon livre . Vous reverrai
Bloy-Leon_La-Femme-pauvre_<monsieur Gacougnol-1488>_34570,"mon livre . Vous reverrai - je , mademoiselle ?"
Bloy-Leon_La-Femme-pauvre_<monsieur Gacougnol-1488>_34580,"– Je l' espère , monsieur , répondit Clotilde ,"
Bloy-Leon_La-Femme-pauvre_<monsieur Gacougnol-1488>_34603,protocole . Je pense que vous me reverrez chez monsieur
Bloy-Leon_La-Femme-pauvre_<monsieur Gacougnol-1488>_34610,reverrez chez monsieur Gacougnol . Vous m' avez rendue très
Bloy-Leon_La-Femme-pauvre_<monsieur Gacougnol-1488>_34626,tout ce que je peux vous dire et vous avez
Bloy-Leon_La-Femme-pauvre_<monsieur Gacougnol-1488>_34629,je peux vous dire et vous avez une grande place
Bloy-Leon_La-Femme-pauvre_<monsieur Gacougnol-1488>_34639,dans mon cœur . – Elle est délicieuse ! pensait
Bloy-Leon_La-Femme-pauvre_<monsieur Gacougnol-1488>_34644,Elle est délicieuse ! pensait Marchenoir en s' éloignant .
Bloy-Leon_La-Femme-pauvre_<monsieur Gacougnol-1488>_34652,éloignant . D' où vient - elle ? Il n'
Bloy-Leon_La-Femme-pauvre_<monsieur Gacougnol-1488>_34661,n' est pas possible qu' elle soit la maîtresse de
Bloy-Leon_La-Femme-pauvre_<monsieur Gacougnol-1488>_34674,de Pélopidas . Il ne me l' aurait certes pas
Bloy-Leon_La-Femme-pauvre_<monsieur Gacougnol-1488>_34682,certes pas caché … Comme elle m' écoutait ! Il
Bloy-Leon_La-Femme-pauvre_<monsieur Gacougnol-1488>_34683,pas caché … Comme elle m' écoutait ! Il y
Bloy-Leon_La-Femme-pauvre_<monsieur Gacougnol-1488>_34711,en s' asseyant auprès de Clotilde dans une nouvelle voiture
Bloy-Leon_La-Femme-pauvre_<monsieur Gacougnol-1488>_34729,", il est temps de vous faire connaître mes intentions"
Bloy-Leon_La-Femme-pauvre_<monsieur Gacougnol-1488>_34741,ai envoyé une dépêche à votre mère . – Ah
Bloy-Leon_La-Femme-pauvre_<monsieur Gacougnol-1488>_34787,"- moi m' expliquer . Vous comprenez bien , ma"
Bloy-Leon_La-Femme-pauvre_<monsieur Gacougnol-1488>_34798,"petite , que je ne vous ai pas fait raconter"
Bloy-Leon_La-Femme-pauvre_<monsieur Gacougnol-1488>_34803,vous ai pas fait raconter votre histoire uniquement pour m'
Bloy-Leon_La-Femme-pauvre_<monsieur Gacougnol-1488>_34814,". J' avais besoin de vous connaître . Or ,"
Bloy-Leon_La-Femme-pauvre_<monsieur Gacougnol-1488>_34828,résolution de m' occuper de vous très sérieusement . Pour
Bloy-Leon_La-Femme-pauvre_<monsieur Gacougnol-1488>_34835,"sérieusement . Pour commencer , vous ne pouvez pas rentrer"
Bloy-Leon_La-Femme-pauvre_<monsieur Gacougnol-1488>_34853,mes raisons pour croire que vous méritez qu' on s'
Bloy-Leon_La-Femme-pauvre_<monsieur Gacougnol-1488>_34860,"qu' on s' intéresse à votre personne et , à"
Bloy-Leon_La-Femme-pauvre_<monsieur Gacougnol-1488>_34867,"et , à moins que vous ne l' exigiez d'"
Bloy-Leon_La-Femme-pauvre_<monsieur Gacougnol-1488>_34878,"manière absolue , je ne vous laisserai certes pas retourner"
Bloy-Leon_La-Femme-pauvre_<monsieur Gacougnol-1488>_34927,maison honorable où je vais vous conduire . C' est
Bloy-Leon_La-Femme-pauvre_<monsieur Gacougnol-1488>_34965,", mais supportable , qui vous fera , je pense"
Bloy-Leon_La-Femme-pauvre_<monsieur Gacougnol-1488>_34976,"le plus doux accueil , vous voyant amenée et recommandée"
Bloy-Leon_La-Femme-pauvre_<monsieur Gacougnol-1488>_35013,elle décrasse l' imagination . Vous n' aurez rien à
Bloy-Leon_La-Femme-pauvre_<monsieur Gacougnol-1488>_35023,"démêler avec cette école . Vous aurez votre chambre ,"
Bloy-Leon_La-Femme-pauvre_<monsieur Gacougnol-1488>_35025,"cette école . Vous aurez votre chambre , comme à"
Bloy-Leon_La-Femme-pauvre_<monsieur Gacougnol-1488>_35033,"comme à l' hôtel , vous prendrez vos repas à"
Bloy-Leon_La-Femme-pauvre_<monsieur Gacougnol-1488>_35035,"l' hôtel , vous prendrez vos repas à la table"
Bloy-Leon_La-Femme-pauvre_<monsieur Gacougnol-1488>_35052,après - midi . Cela vous convient - il ?
Bloy-Leon_La-Femme-pauvre_<monsieur Gacougnol-1488>_35057,"vous convient - il ? Elle ne répondit pas ,"
Bloy-Leon_La-Femme-pauvre_<monsieur Gacougnol-1488>_35064,"répondit pas , mais il l' entendit pleurer . –"
Bloy-Leon_La-Femme-pauvre_<monsieur Gacougnol-1488>_35071,pleurer . – Qu' avez - vous encore ? Voyons
Bloy-Leon_La-Femme-pauvre_<monsieur Gacougnol-1488>_35082,je ne peux donc pas vous parler sans que vous
Bloy-Leon_La-Femme-pauvre_<monsieur Gacougnol-1488>_35086,pas vous parler sans que vous fondiez en larmes ?
Bloy-Leon_La-Femme-pauvre_<monsieur Gacougnol-1488>_35095,"? – Monsieur , dit - elle enfin , je"
Bloy-Leon_La-Femme-pauvre_<monsieur Gacougnol-1488>_35099,"dit - elle enfin , je suis trop heureuse et"
Bloy-Leon_La-Femme-pauvre_<monsieur Gacougnol-1488>_35109,c' est pour cela que je pleure . Vous avez
Bloy-Leon_La-Femme-pauvre_<monsieur Gacougnol-1488>_35123,pensée de retourner à Grenelle me désespérait . Après cette
Bloy-Leon_La-Femme-pauvre_<monsieur Gacougnol-1488>_35132,"cette journée délicieuse que vous m' avez fait passer ,"
Bloy-Leon_La-Femme-pauvre_<monsieur Gacougnol-1488>_35150,de revoir l' horrible Chapuis me rendait folle … Pensez
Bloy-Leon_La-Femme-pauvre_<monsieur Gacougnol-1488>_35157,folle … Pensez donc ! Je ne suis pas habituée
Bloy-Leon_La-Femme-pauvre_<monsieur Gacougnol-1488>_35166,"habituée à tout cela , moi . Je n' entends"
Bloy-Leon_La-Femme-pauvre_<monsieur Gacougnol-1488>_35168,"tout cela , moi . Je n' entends jamais que"
Bloy-Leon_La-Femme-pauvre_<monsieur Gacougnol-1488>_35179,malédictions ou des saletés . J' étais presque décidée à
Bloy-Leon_La-Femme-pauvre_<monsieur Gacougnol-1488>_35205,raconté l' histoire . Mais je ne sais si j'
Bloy-Leon_La-Femme-pauvre_<monsieur Gacougnol-1488>_35209,Mais je ne sais si j' en aurais eu la
Bloy-Leon_La-Femme-pauvre_<monsieur Gacougnol-1488>_35219,"force . Maintenant , vous m' offrez un refuge ,"
Bloy-Leon_La-Femme-pauvre_<monsieur Gacougnol-1488>_35225,"offrez un refuge , après m' avoir donné tant de"
Bloy-Leon_La-Femme-pauvre_<monsieur Gacougnol-1488>_35234,de choses . Comment pourrais - je refuser ? Seulement
Bloy-Leon_La-Femme-pauvre_<monsieur Gacougnol-1488>_35243,"Seulement … – Seulement , vous avez une objection ,"
Bloy-Leon_La-Femme-pauvre_<monsieur Gacougnol-1488>_35259,Eh bien ! la voici votre objection . Vous ne
Bloy-Leon_La-Femme-pauvre_<monsieur Gacougnol-1488>_35262,la voici votre objection . Vous ne savez pas de
Bloy-Leon_La-Femme-pauvre_<monsieur Gacougnol-1488>_35277,"titre je me mêle de vous protéger . Mais ,"
Bloy-Leon_La-Femme-pauvre_<monsieur Gacougnol-1488>_35307,"mais tout de même , un chrétien . Et comme"
Bloy-Leon_La-Femme-pauvre_<monsieur Gacougnol-1488>_35317,je vois très clairement que vous êtes en danger de
Bloy-Leon_La-Femme-pauvre_<monsieur Gacougnol-1488>_35325,"danger de mort , si vous continuez l' existence entre"
Bloy-Leon_La-Femme-pauvre_<monsieur Gacougnol-1488>_35330,vous continuez l' existence entre votre bonne mère et son
Bloy-Leon_La-Femme-pauvre_<monsieur Gacougnol-1488>_35345,une canaille si je ne vous en retirais pas .
Bloy-Leon_La-Femme-pauvre_<monsieur Gacougnol-1488>_35356,"ressources me le permettent , soyez sans craintes à cet"
Bloy-Leon_La-Femme-pauvre_<monsieur Gacougnol-1488>_35390,occasion s' en présente et vous ne serez pas la
Bloy-Leon_La-Femme-pauvre_<monsieur Gacougnol-1488>_35408,remarquez bien que je ne vous fais pas l' aumône
Bloy-Leon_La-Femme-pauvre_<monsieur Gacougnol-1488>_35428,"D' un autre côté , vous pouvez craindre certaines interprétations"
Bloy-Leon_La-Femme-pauvre_<monsieur Gacougnol-1488>_35446,donc avec simplicité ce qui vous arrive d' heureux et
Bloy-Leon_La-Femme-pauvre_<monsieur Gacougnol-1488>_35458,vous du reste . Si vous connaissiez le monde !
Bloy-Leon_La-Femme-pauvre_<monsieur Gacougnol-1488>_35540,"Dans un instant , je vous présente à mademoiselle Séchoir"
Bloy-Leon_La-Femme-pauvre_<monsieur Gacougnol-1488>_35543,", je vous présente à mademoiselle Séchoir . Je lui"
Bloy-Leon_La-Femme-pauvre_<monsieur Gacougnol-1488>_35547,à mademoiselle Séchoir . Je lui déclare simplement que vous
Bloy-Leon_La-Femme-pauvre_<monsieur Gacougnol-1488>_35551,Je lui déclare simplement que vous êtes une jeune amie
Bloy-Leon_La-Femme-pauvre_<monsieur Gacougnol-1488>_35553,déclare simplement que vous êtes une jeune amie que je
Bloy-Leon_La-Femme-pauvre_<monsieur Gacougnol-1488>_35556,vous êtes une jeune amie que je me suis chargé
Bloy-Leon_La-Femme-pauvre_<monsieur Gacougnol-1488>_35571,", c' est tout . Elle n' a pas le"
Bloy-Leon_La-Femme-pauvre_<monsieur Gacougnol-1488>_35578,a pas le droit de vous en demander davantage .
Bloy-Leon_La-Femme-pauvre_<monsieur Gacougnol-1488>_35586,davantage . On essaiera de vous tirer les vers du
Bloy-Leon_La-Femme-pauvre_<monsieur Gacougnol-1488>_35594,"vers du nez , ne vous prêtez pas à l'"
Bloy-Leon_La-Femme-pauvre_<monsieur Gacougnol-1488>_35601,pas à l' opération . Clotilde ne trouva rien à
Bloy-Leon_La-Femme-pauvre_<monsieur Gacougnol-1488>_35608,trouva rien à répondre . Elle prit seulement la main
Bloy-Leon_La-Femme-pauvre_<monsieur Gacougnol-1488>_35618,"de Pélopidas , ainsi qu' elle avait déjà fait le"
Bloy-Leon_La-Femme-pauvre_<monsieur Gacougnol-1488>_35628,"matin même , et la porta à ses lèvres par"
Bloy-Leon_La-Femme-pauvre_<monsieur Gacougnol-1488>_35630,", et la porta à ses lèvres par un mouvement"
Bloy-Leon_La-Femme-pauvre_<monsieur Gacougnol-1488>_35637,par un mouvement instinctif qui la fit ressembler à quelque
Bloy-Leon_La-Femme-pauvre_<monsieur Gacougnol-1488>_35664,"sonna à la porte de mademoiselle Virginie Séchoir , au"
Bloy-Leon_La-Femme-pauvre_<monsieur Gacougnol-1488>_35713,"d' une chambre voisine , la maîtresse du lieu accourant"
Bloy-Leon_La-Femme-pauvre_<monsieur Gacougnol-1488>_35726,du peintre qui parlementait avec la bonne . La personne
Bloy-Leon_La-Femme-pauvre_<monsieur Gacougnol-1488>_35729,parlementait avec la bonne . La personne qui s' offrit
Bloy-Leon_La-Femme-pauvre_<monsieur Gacougnol-1488>_35731,la bonne . La personne qui s' offrit alors avait
Bloy-Leon_La-Femme-pauvre_<monsieur Gacougnol-1488>_35763,terre à moitié vide . Elle en avait la tournure
Bloy-Leon_La-Femme-pauvre_<monsieur Gacougnol-1488>_35810,", et il coulait d' elle une si abondante mélasse"
Bloy-Leon_La-Femme-pauvre_<monsieur Gacougnol-1488>_35826,Gacougnol pour en douter . Elle ne paraissait pas avoir
Bloy-Leon_La-Femme-pauvre_<monsieur Gacougnol-1488>_35838,"de quarante ans , mais son visage , boucané par"
Bloy-Leon_La-Femme-pauvre_<monsieur Gacougnol-1488>_35864,"maturité indicible . Cependant , elle accueillit Pélopidas de façon"
Bloy-Leon_La-Femme-pauvre_<monsieur Gacougnol-1488>_35905,"de haute considération . – Chère amie , dit -"
Bloy-Leon_La-Femme-pauvre_<monsieur Gacougnol-1488>_35915,"il , j' espère que vous voudrez bien me pardonner"
Bloy-Leon_La-Femme-pauvre_<monsieur Gacougnol-1488>_35926,"venir si tard , quand vous saurez ce qui m'"
Bloy-Leon_La-Femme-pauvre_<monsieur Gacougnol-1488>_35940,"avant tout , que je vous présente mademoiselle Clotilde Maréchal"
Bloy-Leon_La-Femme-pauvre_<monsieur Gacougnol-1488>_35961,et que je recommande à vos bons soins . Pouvez
Bloy-Leon_La-Femme-pauvre_<Clotilde-3130>_66038,"de Léopold avait paru à Clotilde si surnaturelle , dans"
Bloy-Leon_La-Femme-pauvre_<Clotilde-3130>_66046,", dans le décor de son rêve , qu' elle"
Bloy-Leon_La-Femme-pauvre_<Clotilde-3130>_66050,"de son rêve , qu' elle crut que ce personnage"
Bloy-Leon_La-Femme-pauvre_<Clotilde-3130>_66056,crut que ce personnage énigmatique lui était révélé . Elle
Bloy-Leon_La-Femme-pauvre_<Clotilde-3130>_66060,énigmatique lui était révélé . Elle vit en lui un
Bloy-Leon_La-Femme-pauvre_<Clotilde-3130>_66100,Et cela devint aussitôt pour elle un autre rêve si
Bloy-Leon_La-Femme-pauvre_<Clotilde-3130>_66119,", terrible pourtant , de son bienfaiteur poignardé , celle"
Bloy-Leon_La-Femme-pauvre_<Clotilde-3130>_66145,", disparurent . Faiblement , elle s' étonna de son"
Bloy-Leon_La-Femme-pauvre_<Clotilde-3130>_66149,", elle s' étonna de son versatile cœur qu' elle"
Bloy-Leon_La-Femme-pauvre_<Clotilde-3130>_66153,"de son versatile cœur qu' elle ne pouvait retenir ,"
Bloy-Leon_La-Femme-pauvre_<Clotilde-3130>_66170,"étranger . – Allons ! je suis une sotte ,"
Bloy-Leon_La-Femme-pauvre_<Clotilde-3130>_66172,"– Allons ! je suis une sotte , s' écria"
Bloy-Leon_La-Femme-pauvre_<Clotilde-3130>_66179,", s' écria - t - elle , refermant la"
Bloy-Leon_La-Femme-pauvre_<Clotilde-3130>_66192,"venait un air glacial , une sotte rêveuse et une"
Bloy-Leon_La-Femme-pauvre_<Clotilde-3130>_66199,rêveuse et une ingrate ! Elle s' agenouilla devant son
Bloy-Leon_La-Femme-pauvre_<Clotilde-3130>_66203,! Elle s' agenouilla devant son lit pour une prière
Bloy-Leon_La-Femme-pauvre_<Clotilde-3130>_66209,lit pour une prière et se rendormit dans cette posture
Bloy-Leon_La-Femme-pauvre_<Clotilde-3130>_66219,", en sanglotant . XXXV Vous avez le sommeil dur"
Bloy-Leon_La-Femme-pauvre_<Clotilde-3130>_66225,"avez le sommeil dur , Mademoiselle , lui dit son"
Bloy-Leon_La-Femme-pauvre_<Clotilde-3130>_66227,"sommeil dur , Mademoiselle , lui dit son hôtesse à"
Bloy-Leon_La-Femme-pauvre_<Clotilde-3130>_66229,", Mademoiselle , lui dit son hôtesse à l' heure"
Bloy-Leon_La-Femme-pauvre_<Clotilde-3130>_66251,de remettre sans retard . Vous ayant entendue rentrer à
Bloy-Leon_La-Femme-pauvre_<Clotilde-3130>_66267,bien faire de frapper chez vous . Mais vous dormiez
Bloy-Leon_La-Femme-pauvre_<Clotilde-3130>_66270,frapper chez vous . Mais vous dormiez déjà si profondément
Bloy-Leon_La-Femme-pauvre_<Clotilde-3130>_66280,que je n' ai pu vous réveiller . Quand je
Bloy-Leon_La-Femme-pauvre_<Clotilde-3130>_66294,", je le gronderai de vous garder si longtemps ."
Bloy-Leon_La-Femme-pauvre_<Clotilde-3130>_66309,"pas raisonnable . Il devrait vous ménager . Clotilde ,"
Bloy-Leon_La-Femme-pauvre_<Clotilde-3130>_66312,"Il devrait vous ménager . Clotilde , qui venait de"
Bloy-Leon_La-Femme-pauvre_<Clotilde-3130>_66314,"vous ménager . Clotilde , qui venait de prendre la"
Bloy-Leon_La-Femme-pauvre_<Clotilde-3130>_66321,de prendre la lettre et qui avait reconnu l' écriture
Bloy-Leon_La-Femme-pauvre_<Clotilde-3130>_66327,"avait reconnu l' écriture de sa mère , demeura immobile"
Bloy-Leon_La-Femme-pauvre_<Clotilde-3130>_66360,n' était pas douteuse . Elle vit en plein la
Bloy-Leon_La-Femme-pauvre_<Clotilde-3130>_66371,infernale de la drôlesse qui l' insultait et devina l'
Bloy-Leon_La-Femme-pauvre_<Clotilde-3130>_66374,drôlesse qui l' insultait et devina l' extrême satisfaction des
Bloy-Leon_La-Femme-pauvre_<Clotilde-3130>_66395,"recoins . Une seconde , elle fut sur le point"
Bloy-Leon_La-Femme-pauvre_<Clotilde-3130>_66404,point d' éclater . Mais elle se rappela en même
Bloy-Leon_La-Femme-pauvre_<Clotilde-3130>_66410,"se rappela en même temps sa résolution , prise dès"
Bloy-Leon_La-Femme-pauvre_<Clotilde-3130>_66436,tourmenteuses auraient pu pénétrer dans son âme . Depuis plusieurs
Bloy-Leon_La-Femme-pauvre_<Clotilde-3130>_66443,. Depuis plusieurs mois qu' elle mangeait à la pension
Bloy-Leon_La-Femme-pauvre_<Clotilde-3130>_66449,"mangeait à la pension , elle ne disait rien ,"
Bloy-Leon_La-Femme-pauvre_<Clotilde-3130>_66455,"ne disait rien , ne voyait rien , n' entendait"
Bloy-Leon_La-Femme-pauvre_<Clotilde-3130>_66459,"ne voyait rien , n' entendait rien . Elle s'"
Bloy-Leon_La-Femme-pauvre_<Clotilde-3130>_66462,", n' entendait rien . Elle s' était enfermée dans"
Bloy-Leon_La-Femme-pauvre_<Clotilde-3130>_66467,Elle s' était enfermée dans sa volonté comme dans une
Bloy-Leon_La-Femme-pauvre_<Clotilde-3130>_66481,", alors , n' aurait - elle pas enduré les"
Bloy-Leon_La-Femme-pauvre_<Clotilde-3130>_66499,que la haine basse dont elle se sentait enveloppée ne
Bloy-Leon_La-Femme-pauvre_<Clotilde-3130>_66508,ne serait pas incompatible avec sa paix intérieure ? Elle
Bloy-Leon_La-Femme-pauvre_<Clotilde-3130>_66512,"avec sa paix intérieure ? Elle avait , d' ailleurs"
Bloy-Leon_La-Femme-pauvre_<Clotilde-3130>_66519,", d' ailleurs , pour elle - même aussi peu"
Bloy-Leon_La-Femme-pauvre_<Clotilde-3130>_66533,femme en peut avoir et trouvait infiniment naturel de ne
Bloy-Leon_La-Femme-pauvre_<Clotilde-3130>_66546,". Aux fréquentes questions que lui faisait Gacougnol , elle"
Bloy-Leon_La-Femme-pauvre_<Clotilde-3130>_66550,"que lui faisait Gacougnol , elle avait invariablement répondu avec"
Bloy-Leon_La-Femme-pauvre_<Clotilde-3130>_66561,que rien ne manquait à son bien - être et
Bloy-Leon_La-Femme-pauvre_<Clotilde-3130>_66569,"être et , vraiment , elle pensait ainsi . Cette"
Bloy-Leon_La-Femme-pauvre_<Clotilde-3130>_66585,était si flagrante qu' il lui parut difficile de la
Bloy-Leon_La-Femme-pauvre_<Clotilde-3130>_66597,et un peu d' héroïsme lui fut nécessaire pour se
Bloy-Leon_La-Femme-pauvre_<Clotilde-3130>_66607,borner à répondre que Gacougnol lui avait fait l' honneur
Bloy-Leon_La-Femme-pauvre_<Clotilde-3130>_66613,avait fait l' honneur de l' admettre à une soirée
Bloy-Leon_La-Femme-pauvre_<Clotilde-3130>_66641,"France . Vengeance infaillible . L' institutrice déplumée , folle"
Bloy-Leon_La-Femme-pauvre_<Clotilde-3130>_66649,", folle de gloire et qui ne pouvait attirer chez"
Bloy-Leon_La-Femme-pauvre_<Clotilde-3130>_66654,qui ne pouvait attirer chez elle que des reporters ou
Bloy-Leon_La-Femme-pauvre_<Clotilde-3130>_66691,elle se fut retirée dans sa chambre . Elle n'
Bloy-Leon_La-Femme-pauvre_<Clotilde-3130>_66694,retirée dans sa chambre . Elle n' espérait aucune consolation
Bloy-Leon_La-Femme-pauvre_<Clotilde-3130>_66712,avait laissé son ombre sur elle ne la disposait pas
Bloy-Leon_La-Femme-pauvre_<Clotilde-3130>_66714,son ombre sur elle ne la disposait pas aux pressentiments
Bloy-Leon_La-Femme-pauvre_<Clotilde-3130>_66725,. La femelle de Chapuis l' avait laissée jusqu' à
Bloy-Leon_La-Femme-pauvre_<Clotilde-3130>_66748,ayant même pas cherché à lui soutirer de l' argent
Bloy-Leon_La-Femme-pauvre_<Clotilde-3130>_66771,"rencontrer l' horrible voyou , Clotilde aurait déjà tenté de"
Bloy-Leon_La-Femme-pauvre_<Clotilde-3130>_66792,souvenir des tribulations d' autrefois l' inclinait à une sorte
Bloy-Leon_La-Femme-pauvre_<Clotilde-3130>_66800,une sorte de pitié pour sa misérable mère . Mais
Bloy-Leon_La-Femme-pauvre_<Clotilde-3130>_66810,", en ce moment , elle ne sentait que de"
Bloy-Leon_La-Femme-pauvre_<Clotilde-3130>_66836,"« Ma chère enfant , Ta tendre mère qui t'"
Bloy-Leon_La-Femme-pauvre_<Clotilde-3130>_66840,", Ta tendre mère qui t' a portée dans ses"
Bloy-Leon_La-Femme-pauvre_<Clotilde-3130>_66852,"qui a tant souffert pour te mettre au monde ,"
Bloy-Leon_La-Femme-pauvre_<Clotilde-3130>_66877,"- aimée , je voudrais te bénir une dernière fois"
Bloy-Leon_La-Femme-pauvre_<Clotilde-3130>_66903,". Je ne veux pas te faire de reproches ,"
Bloy-Leon_La-Femme-pauvre_<Clotilde-3130>_66939,et je ne peux pas te blâmer d' avoir su
Bloy-Leon_La-Femme-pauvre_<Clotilde-3130>_66944,"te blâmer d' avoir su te faire une position ,"
Bloy-Leon_La-Femme-pauvre_<Clotilde-3130>_66950,"faire une position , mais tu n' as pas été"
Bloy-Leon_La-Femme-pauvre_<Clotilde-3130>_66957,as pas été gentille pour tes vieux parents qui t'
Bloy-Leon_La-Femme-pauvre_<Clotilde-3130>_66961,pour tes vieux parents qui t' adorent . Quand ton
Bloy-Leon_La-Femme-pauvre_<Clotilde-3130>_66965,qui t' adorent . Quand ton M . Gacougnol m'
Bloy-Leon_La-Femme-pauvre_<Clotilde-3130>_66994,de ma mort . Zizi te ferait pitié . Le
Bloy-Leon_La-Femme-pauvre_<Clotilde-3130>_67008,une âme en peine depuis ton départ . J' irai
Bloy-Leon_La-Femme-pauvre_<Clotilde-3130>_67058,"qui a tout sacrifié pour toi . Accours , mon"
Bloy-Leon_La-Femme-pauvre_<Clotilde-3130>_67066,", mon enfant , mais n' oublie pas d' apporter"
Bloy-Leon_La-Femme-pauvre_<Clotilde-3130>_67106,"est un mensonge ! dit Clotilde , en posant la"
Bloy-Leon_La-Femme-pauvre_<Clotilde-3130>_67151,"étaient dans ce mot . Elle décida , néanmoins ,"
Bloy-Leon_La-Femme-pauvre_<Clotilde-3130>_67162,aller à Grenelle . Mais elle ne pouvait se dispenser
Bloy-Leon_La-Femme-pauvre_<Clotilde-3130>_67191,", cria le peintre en l' apercevant , comme vous"
Bloy-Leon_La-Femme-pauvre_<Clotilde-3130>_67195,"en l' apercevant , comme vous voilà déterrée ! Seriez"
Bloy-Leon_La-Femme-pauvre_<Clotilde-3130>_67200,vous voilà déterrée ! Seriez - vous malade ? Elle
Bloy-Leon_La-Femme-pauvre_<Clotilde-3130>_67204,Seriez - vous malade ? Elle lui raconta sa mauvaise
Bloy-Leon_La-Femme-pauvre_<Clotilde-3130>_67207,malade ? Elle lui raconta sa mauvaise nuit et l'
Bloy-Leon_La-Femme-pauvre_<Clotilde-3130>_67214,"nuit et l' incendie de ses rideaux , sans parler"
Bloy-Leon_La-Femme-pauvre_<Clotilde-3130>_67236,à lire la lettre de sa mère . – Mais
Bloy-Leon_La-Femme-pauvre_<Clotilde-3130>_67247,"ma pauvre Clotilde , on vous tend un piège ."
Bloy-Leon_La-Femme-pauvre_<Clotilde-3130>_67252,vous tend un piège . Votre mère n' est pas
Bloy-Leon_La-Femme-pauvre_<Clotilde-3130>_67272,suppose avec noblesse que je vous comble de trésors et
Bloy-Leon_La-Femme-pauvre_<Clotilde-3130>_67286,désir de les extraire de votre porte - monnaie …
Bloy-Leon_La-Femme-pauvre_<Clotilde-3130>_67299,"bien , cependant , que vous teniez à éclaircir ce"
Bloy-Leon_La-Femme-pauvre_<Clotilde-3130>_67314,m' intéresse infiniment plus à votre situation qu' aux sottes
Bloy-Leon_La-Femme-pauvre_<Clotilde-3130>_67325,que je fais ici . Vous ne savez pas ?
Bloy-Leon_La-Femme-pauvre_<Clotilde-3130>_67336,allons partir ensemble . Je vous déposerai à l' église
Bloy-Leon_La-Femme-pauvre_<Clotilde-3130>_67364,créature » . Inutile de vous dire que je ne
Bloy-Leon_La-Femme-pauvre_<Clotilde-3130>_67381,". De toutes manières , vous me verrez reparaître bientôt"
Bloy-Leon_La-Femme-pauvre_<Clotilde-3130>_67389,"reparaître bientôt , et si votre présence est indispensable ,"
Bloy-Leon_La-Femme-pauvre_<Clotilde-3130>_67394,"votre présence est indispensable , vous le saurez par moi"
Bloy-Leon_La-Femme-pauvre_<Clotilde-3130>_67412,"quelque chose d' exorbitant . Clotilde hésita une minute ,"
Bloy-Leon_La-Femme-pauvre_<Clotilde-3130>_67429,"qu' il fallait pour que sa volonté , déjà si"
Bloy-Leon_La-Femme-pauvre_<Clotilde-3130>_67513,Pauvreté . Les Saints qui l' ont épousée d' amour
Bloy-Leon_La-Femme-pauvre_<Clotilde-3130>_67520,épousée d' amour et qui lui ont fait beaucoup d'
Bloy-Leon_La-Femme-pauvre_<Clotilde-3130>_67528,beaucoup d' enfants assurent qu' elle est infiniment aimable .
Bloy-Leon_La-Femme-pauvre_<Clotilde-3130>_67539,qui ne veulent pas de cette compagne meurent quelquefois d'
Bloy-Leon_La-Femme-pauvre_<Clotilde-3130>_67549,"épouvante ou de désespoir sous son baiser , et la"
Bloy-Leon_La-Femme-pauvre_<Clotilde-3130>_67571,qu' il faut penser de ce monstre . Quand on
Bloy-Leon_La-Femme-pauvre_<Clotilde-3130>_67587,c' est Lui qui est le Pauvre : Ego sum
Bloy-Leon_La-Femme-pauvre_<Clotilde-3130>_67700,"son crible . Comme elles lui conviennent , les paroles"
Bloy-Leon_La-Femme-pauvre_<une vieille-1829>_41195,il trouva devant sa porte une vieille qu' il prit
Bloy-Leon_La-Femme-pauvre_<une vieille-1829>_41197,devant sa porte une vieille qu' il prit de loin
Bloy-Leon_La-Femme-pauvre_<une vieille-1829>_41227,"la pestilence des cœurs . La mère Chapuis , vêtue"
Bloy-Leon_La-Femme-pauvre_<une vieille-1829>_41254,"une antiquité fabuleuse , qu' elle avait dû découvrir sur"
Bloy-Leon_La-Femme-pauvre_<une vieille-1829>_41265,"alluvions d' immondices , et se tamponnait activement les yeux"
Bloy-Leon_La-Femme-pauvre_<une vieille-1829>_41266,"d' immondices , et se tamponnait activement les yeux avec"
Bloy-Leon_La-Femme-pauvre_<une vieille-1829>_41281,qui eût été fort à sa place dans quelque rigole
Bloy-Leon_La-Femme-pauvre_<une vieille-1829>_41296,d' une voix agonisante qu' elle se fit connaître au
Bloy-Leon_La-Femme-pauvre_<une vieille-1829>_41308,"la première pensée fut de l' envoyer au diable ,"
Bloy-Leon_La-Femme-pauvre_<une vieille-1829>_41328,Clotilde que pouvait rendre impossible cette mère ignoble . Il
Bloy-Leon_La-Femme-pauvre_<une vieille-1829>_41337,"Il se résigna donc à la faire entrer , se"
Bloy-Leon_La-Femme-pauvre_<une vieille-1829>_41344,"entrer , se disant qu' une pareille ordure , après"
Bloy-Leon_La-Femme-pauvre_<une vieille-1829>_41387,"déjà de sa vertu . Elle parut glisser , s'"
Bloy-Leon_La-Femme-pauvre_<une vieille-1829>_41401,"comme ne pouvant plus porter son fardeau , en même"
Bloy-Leon_La-Femme-pauvre_<une vieille-1829>_41408,", en même temps qu' elle ouvrait une large écluse"
Bloy-Leon_La-Femme-pauvre_<une vieille-1829>_41528,"caricaturiste l' emporta . – Madame , dit - il"
Bloy-Leon_La-Femme-pauvre_<une vieille-1829>_41534,", dit - il , soyez persuadée que votre visite"
Bloy-Leon_La-Femme-pauvre_<une vieille-1829>_41537,"il , soyez persuadée que votre visite me plonge dans"
Bloy-Leon_La-Femme-pauvre_<une vieille-1829>_41565,"minutes aux délices probables de votre conversation , je vous"
Bloy-Leon_La-Femme-pauvre_<une vieille-1829>_41569,"de votre conversation , je vous serais infiniment obligé de"
Bloy-Leon_La-Femme-pauvre_<une vieille-1829>_41581,me dire en deux mots votre petite affaire . Arrivée
Bloy-Leon_La-Femme-pauvre_<une vieille-1829>_41593,"de la vaste pièce , la mère Chapuis s' arrêta"
Bloy-Leon_La-Femme-pauvre_<une vieille-1829>_41601,"s' arrêta , laissant tomber ses deux mains ouvertes ,"
Bloy-Leon_La-Femme-pauvre_<une vieille-1829>_41615,", à l' extrémité de ses deux longs bras collés"
Bloy-Leon_La-Femme-pauvre_<une vieille-1829>_41639,"farouche proconsul . Simultanément , son menton , par deux"
Bloy-Leon_La-Femme-pauvre_<une vieille-1829>_41652,décrivait une courbe rentrante sur sa gorge avachie d' antique
Bloy-Leon_La-Femme-pauvre_<une vieille-1829>_41680,la céleste patrie . – Ma fille ? expira -
Bloy-Leon_La-Femme-pauvre_<une vieille-1829>_41686,"fille ? expira - t - elle enfin , qu'"
Bloy-Leon_La-Femme-pauvre_<une vieille-1829>_41696,avez - vous fait de ma pauvre enfant ? Et
Bloy-Leon_La-Femme-pauvre_<une vieille-1829>_41724,", que l' aspect de cette vieillarde confite emplissait provisoirement"
Bloy-Leon_La-Femme-pauvre_<une vieille-1829>_41740,"minute , la tentation de lui adresser la même parole"
Bloy-Leon_La-Femme-pauvre_<une vieille-1829>_41765,fut sur le point de lui crier : « Déshabillez
Bloy-Leon_La-Femme-pauvre_<une vieille-1829>_41770,lui crier : « Déshabillez - vous ! » Mais
Bloy-Leon_La-Femme-pauvre_<une vieille-1829>_41795,de cette réponse : – Votre fille est chez elle
Bloy-Leon_La-Femme-pauvre_<une vieille-1829>_41808,Comme j' aurai besoin de sa pose très souvent et
Bloy-Leon_La-Femme-pauvre_<une vieille-1829>_41814,pose très souvent et que votre quartier est au diable
Bloy-Leon_La-Femme-pauvre_<une vieille-1829>_41821,"est au diable , je lui ai conseillé de vivre"
Bloy-Leon_La-Femme-pauvre_<une vieille-1829>_41838,est pour cela que je vous ai envoyé une dépêche
Bloy-Leon_La-Femme-pauvre_<une vieille-1829>_41850,". A ces mots , la martyre parut chanceler ."
Bloy-Leon_La-Femme-pauvre_<une vieille-1829>_41863,"front à deux mains , elle poussa ce cri pathétique"
Bloy-Leon_La-Femme-pauvre_<une vieille-1829>_41891,"bien la fin . Vous me punissez , doux Jésus"
Bloy-Leon_La-Femme-pauvre_<une vieille-1829>_41901,", pour avoir trop aimé mon enfant . Oh mon"
Bloy-Leon_La-Femme-pauvre_<une vieille-1829>_41905,aimé mon enfant . Oh mon pauvre cœur ! Ce
Bloy-Leon_La-Femme-pauvre_<une vieille-1829>_41920,"apparemment , trop onéreux pour sa faiblesse , elle jeta"
Bloy-Leon_La-Femme-pauvre_<une vieille-1829>_41923,"onéreux pour sa faiblesse , elle jeta autour d' elle"
Bloy-Leon_La-Femme-pauvre_<une vieille-1829>_41927,", elle jeta autour d' elle des yeux égarés et"
Bloy-Leon_La-Femme-pauvre_<une vieille-1829>_41940,"charitable ne se hâtant de lui présenter un siège ,"
Bloy-Leon_La-Femme-pauvre_<une vieille-1829>_41945,"lui présenter un siège , s' avança dans la direction"
Bloy-Leon_La-Femme-pauvre_<une vieille-1829>_41975,extrême à la pensée que cette houri de cauchemar allait
Bloy-Leon_La-Femme-pauvre_<une vieille-1829>_41987,sur le meuble confident de ses méditations les plus sublimes
Bloy-Leon_La-Femme-pauvre_<une vieille-1829>_41998,"Il se précipita et , la saisissant par l' os"
Bloy-Leon_La-Femme-pauvre_<une vieille-1829>_42012,"autant qu' un silex , la retourna vers la porte"
Bloy-Leon_La-Femme-pauvre_<une vieille-1829>_42026,"ça , dites donc , chère Madame , est -"
Bloy-Leon_La-Femme-pauvre_<une vieille-1829>_42033,", est - ce que vous vous croyez à la"
Bloy-Leon_La-Femme-pauvre_<une vieille-1829>_42049,"ai eu l' honneur de vous exprimer , le plus"
Bloy-Leon_La-Femme-pauvre_<une vieille-1829>_42066,sensible chagrin de ne pouvoir vous écouter avec tout le
Bloy-Leon_La-Femme-pauvre_<une vieille-1829>_42082,"encore le temps de contempler vos grimaces de désespoir ,"
Bloy-Leon_La-Femme-pauvre_<une vieille-1829>_42101,le reconnais . Si donc vous n' avez rien à
Bloy-Leon_La-Femme-pauvre_<une vieille-1829>_42112,notifier de plus palpitant je vous conjure de vouloir bien
Bloy-Leon_La-Femme-pauvre_<une vieille-1829>_42119,"de vouloir bien disparaître . La vieille , comprenant qu'"
Bloy-Leon_La-Femme-pauvre_<une vieille-1829>_42124,"La vieille , comprenant qu' elle allait être jetée dans"
Bloy-Leon_La-Femme-pauvre_<une vieille-1829>_42159,". – Monsieur , gémit - elle , rendez -"
Bloy-Leon_La-Femme-pauvre_<une vieille-1829>_42162,", gémit - elle , rendez - moi ma fille"
Bloy-Leon_La-Femme-pauvre_<une vieille-1829>_42163,"gémit - elle , rendez - moi ma fille !"
Bloy-Leon_La-Femme-pauvre_<une vieille-1829>_42165,"elle , rendez - moi ma fille ! C' est"
Bloy-Leon_La-Femme-pauvre_<une vieille-1829>_42174,est la seule consolation de mes vieux jours . Vous
Bloy-Leon_La-Femme-pauvre_<une vieille-1829>_42178,de mes vieux jours . Vous n' avez pas le
Bloy-Leon_La-Femme-pauvre_<une vieille-1829>_42197,"Elle doit être cachée dans votre maison , puisqu' elle"
Bloy-Leon_La-Femme-pauvre_<une vieille-1829>_42216,"hôtel … Mon Dieu , je n' y verrais pas"
Bloy-Leon_La-Femme-pauvre_<une vieille-1829>_42235,trouvé une bonne amitié . Je vois bien que vous
Bloy-Leon_La-Femme-pauvre_<une vieille-1829>_42239,. Je vois bien que vous êtes un brave et
Bloy-Leon_La-Femme-pauvre_<une vieille-1829>_42241,vois bien que vous êtes un brave et honnête monsieur
Bloy-Leon_La-Femme-pauvre_<une vieille-1829>_42246,"un brave et honnête monsieur qui savez vivre , et"
Bloy-Leon_La-Femme-pauvre_<une vieille-1829>_42251,"qui savez vivre , et vous ne voudriez faire de"
Bloy-Leon_La-Femme-pauvre_<une vieille-1829>_42269,"pas ? Seulement , voyez - vous , c' est"
Bloy-Leon_La-Femme-pauvre_<une vieille-1829>_42295,tendre mère . Le ciel m' est témoin que je
Bloy-Leon_La-Femme-pauvre_<une vieille-1829>_42299,ciel m' est témoin que je l' ai élevée saintement
Bloy-Leon_La-Femme-pauvre_<une vieille-1829>_42306,ai élevée saintement ! … Vous ne voudriez pas la
Bloy-Leon_La-Femme-pauvre_<une vieille-1829>_42313,"voudriez pas la tromper , vous êtes trop consciencieux pour"
Bloy-Leon_La-Femme-pauvre_<une vieille-1829>_42320,"trop consciencieux pour ça , je vois bien que vous"
Bloy-Leon_La-Femme-pauvre_<une vieille-1829>_42324,", je vois bien que vous êtes un peintre loyal"
Bloy-Leon_La-Femme-pauvre_<une vieille-1829>_42326,vois bien que vous êtes un peintre loyal . Et
Bloy-Leon_La-Femme-pauvre_<une vieille-1829>_42346,"est des personnes bien . Moi , voyez - vous"
Bloy-Leon_La-Femme-pauvre_<une vieille-1829>_42349,"bien . Moi , voyez - vous , Monsieur ,"
Bloy-Leon_La-Femme-pauvre_<une vieille-1829>_42352,", voyez - vous , Monsieur , j' ai connu"
Bloy-Leon_La-Femme-pauvre_<une vieille-1829>_42354,"- vous , Monsieur , j' ai connu l' adversité"
Bloy-Leon_La-Femme-pauvre_<une vieille-1829>_42361,"connu l' adversité , mais vous comprenez que je ne"
Bloy-Leon_La-Femme-pauvre_<une vieille-1829>_42364,", mais vous comprenez que je ne suis pas la"
Bloy-Leon_La-Femme-pauvre_<une vieille-1829>_42374,première venue . Oh ! j' ai une belle naissance
Bloy-Leon_La-Femme-pauvre_<une vieille-1829>_42443,Mais tout le monde pourra vous dire que j' ai
Bloy-Leon_La-Femme-pauvre_<une vieille-1829>_42510,"qui recula terrifié , si vous vouliez nous serions si"
Bloy-Leon_La-Femme-pauvre_<une vieille-1829>_42529,je viendrais vivre auprès de vous avec mon chéri et
