,text_surronding
Monnier-Marc_Un-detraque_<Don Ruf-2358>_44850,comme fils de bourbonien . Don Ruf s' empressa de
Monnier-Marc_Un-detraque_<Don Ruf-2358>_44886,"pour ce motif . – Je le sais , interrompit"
Monnier-Marc_Un-detraque_<Don Ruf-2358>_44891,"Je le sais , interrompit le questeur , et je"
Monnier-Marc_Un-detraque_<Don Ruf-2358>_44895,"interrompit le questeur , et je l' en félicite ."
Monnier-Marc_Un-detraque_<Don Ruf-2358>_44915,"! monsieur , lui dit - il , j' ai"
Monnier-Marc_Un-detraque_<Don Ruf-2358>_44918,"lui dit - il , j' ai une triste nouvelle"
Monnier-Marc_Un-detraque_<Don Ruf-2358>_44961,Francisquiel fondit en larmes . Le questeur respecta son chagrin
Monnier-Marc_Un-detraque_<Don Ruf-2358>_44967,questeur respecta son chagrin et prit don Ruf à l'
Monnier-Marc_Un-detraque_<Don Ruf-2358>_44968,respecta son chagrin et prit don Ruf à l' écart
Monnier-Marc_Un-detraque_<Don Ruf-2358>_44975,à l' écart : – Vous vous intéressez à ce
Monnier-Marc_Un-detraque_<Don Ruf-2358>_44984,ce garçon ? lui dit - il en français .
Monnier-Marc_Un-detraque_<Don Ruf-2358>_44999,tenir sur ses gardes . J' ai eu toutes les
Monnier-Marc_Un-detraque_<Don Ruf-2358>_45017,"de ses oncles , que j' emploie , me soutenait"
Monnier-Marc_Un-detraque_<Don Ruf-2358>_45020,", que j' emploie , me soutenait qu' il était"
Monnier-Marc_Un-detraque_<Don Ruf-2358>_45030,"mort . Fort heureusement , je me défie des oncles"
Monnier-Marc_Un-detraque_<Don Ruf-2358>_45036,me défie des oncles que j' emploie . J' ai
Monnier-Marc_Un-detraque_<Don Ruf-2358>_45039,oncles que j' emploie . J' ai fait consulter nos
Monnier-Marc_Un-detraque_<Don Ruf-2358>_45052,"des paroisses ; un de mes agents , qui est"
Monnier-Marc_Un-detraque_<Don Ruf-2358>_45063,"la Caisse d' épargne , m' a mis sur la"
Monnier-Marc_Un-detraque_<Don Ruf-2358>_45071,"sur la voie , en me montrant sur ses livres"
Monnier-Marc_Un-detraque_<Don Ruf-2358>_45081,le nom de famille que je cherchais . Le père
Monnier-Marc_Un-detraque_<Don Ruf-2358>_45184,"- vous chez lui en mon nom , pour qu'"
Monnier-Marc_Un-detraque_<Don Ruf-2358>_45193,qu' il ait peur de vous ; c' est toujours
Monnier-Marc_Un-detraque_<Don Ruf-2358>_45215,en particulier de celui que j' emploie : il convoite
Monnier-Marc_Un-detraque_<Don Ruf-2358>_45235,Faites - lui peur . Don Ruf ne se sentait
Monnier-Marc_Un-detraque_<Don Ruf-2358>_45246,"de joie ; ce qui le ravissait , outre la"
Monnier-Marc_Un-detraque_<Don Ruf-2358>_45263,richesse de documents humains qu' il venait de recueillir .
Monnier-Marc_Un-detraque_<Don Ruf-2358>_45268,il venait de recueillir . Il risqua son apophtegme :
Monnier-Marc_Un-detraque_<Don Ruf-2358>_45270,de recueillir . Il risqua son apophtegme : – Le
Monnier-Marc_Un-detraque_<Don Ruf-2358>_45302,questeur . Ce mot humilia don Ruf qui avait trouvé
Monnier-Marc_Un-detraque_<Don Ruf-2358>_45304,Ce mot humilia don Ruf qui avait trouvé son maître
Monnier-Marc_Un-detraque_<Don Ruf-2358>_45307,don Ruf qui avait trouvé son maître en naturalisme .
Monnier-Marc_Un-detraque_<Don Ruf-2358>_45314,"en naturalisme . Pour prendre sa revanche , il emmena"
Monnier-Marc_Un-detraque_<Don Ruf-2358>_45317,"Pour prendre sa revanche , il emmena Francisquiel qui pleurait"
Monnier-Marc_Un-detraque_<Don Ruf-2358>_45326,"pleurait encore , et lui dit en descendant : –"
Monnier-Marc_Un-detraque_<Don Ruf-2358>_45365,- vous ? c' était mon père . La carrozzelle
Monnier-Marc_Un-detraque_<Don Ruf-2358>_45386,"sur le siège , et don Ruf fit un signe"
Monnier-Marc_Un-detraque_<Don Ruf-2358>_45443,la part du questeur . Don Ruf et l' ânier
Monnier-Marc_Un-detraque_<Don Ruf-2358>_45543,"questeur le connaît , riposta don Ruf en haussant la"
Monnier-Marc_Un-detraque_<Don Ruf-2358>_45628,il offrit deux fauteuils à don Ruf ( s' il
Monnier-Marc_Un-detraque_<Don Ruf-2358>_45648,et prit le chapeau de cet homme important qu' il
Monnier-Marc_Un-detraque_<Don Ruf-2358>_45651,chapeau de cet homme important qu' il lissa respectueusement avec
Monnier-Marc_Un-detraque_<Don Ruf-2358>_45668,il prêta l' oreille . Don Ruf exposa les droits
Monnier-Marc_Un-detraque_<Don Ruf-2358>_45733,"est bien plus pénible ; don Ruf , quoique naturaliste"
Monnier-Marc_Un-detraque_<Don Ruf-2358>_45747,habile ; un phrénologue gascon lui avait dit à Bordeaux
Monnier-Marc_Un-detraque_<Don Ruf-2358>_45754,dit à Bordeaux : – Vous avez la bosse du
Monnier-Marc_Un-detraque_<Don Ruf-2358>_45769,c' est un don que vous avez négligé . Le
Monnier-Marc_Un-detraque_<Don Ruf-2358>_45788,"aux soustractions , ne put le tromper d' un centime"
Monnier-Marc_Un-detraque_<Don Ruf-2358>_45794,"tromper d' un centime . Francisquiel , ayant fini de"
Monnier-Marc_Un-detraque_<Don Ruf-2358>_45806,"s' ennuya beaucoup . – Seigneur patron , demanda -"
Monnier-Marc_Un-detraque_<Don Ruf-2358>_45812,"patron , demanda - t - il en descendant ,"
Monnier-Marc_Un-detraque_<Don Ruf-2358>_45822,qu' est - ce que vous faisiez là - haut
Monnier-Marc_Un-detraque_<Don Ruf-2358>_45828,faisiez là - haut avec ce vieux - là ?
Monnier-Marc_Un-detraque_<Don Ruf-2358>_45833,ce vieux - là ? Vous cherchiez des numéros pour
Monnier-Marc_Un-detraque_<Don Ruf-2358>_45848,"est inutile à présent , tu as gagné le terne"
Monnier-Marc_Un-detraque_<Don Ruf-2358>_45856,"le terne , répondit mystérieusement don Ruf . Remonte sur"
Monnier-Marc_Un-detraque_<Don Ruf-2358>_45859,répondit mystérieusement don Ruf . Remonte sur le siège et
Monnier-Marc_Un-detraque_<Don Ruf-2358>_45889,"du Môle aux Carmes , don Ruf monta sur un"
Monnier-Marc_Un-detraque_<Don Ruf-2358>_45915,par des cabines . – Vous voulez prendre un bain
Monnier-Marc_Un-detraque_<Don Ruf-2358>_45924,bain ? – C' est toi qui vas le prendre
Monnier-Marc_Un-detraque_<Don Ruf-2358>_45925,"? – C' est toi qui vas le prendre ,"
Monnier-Marc_Un-detraque_<Don Ruf-2358>_45931,"vas le prendre , commanda don Ruf . Francisquiel ne"
Monnier-Marc_Un-detraque_<Don Ruf-2358>_45934,", commanda don Ruf . Francisquiel ne demandait pas mieux"
Monnier-Marc_Un-detraque_<Don Ruf-2358>_45947,"; en trois mouvements , il fut nu comme un"
Monnier-Marc_Un-detraque_<Don Ruf-2358>_45959,beau comme un dieu . Il nageait avec une grâce
Monnier-Marc_Un-detraque_<Don Ruf-2358>_45967,une grâce antique . Quand il sortit de l' eau
Monnier-Marc_Un-detraque_<Don Ruf-2358>_45973,"sortit de l' eau , il pencha son corps de"
Monnier-Marc_Un-detraque_<Don Ruf-2358>_45975,"l' eau , il pencha son corps de côté ,"
Monnier-Marc_Un-detraque_<Don Ruf-2358>_45996,d' une guitare . On l' eût pris alors pour
Monnier-Marc_Un-detraque_<Don Ruf-2358>_46013,"doré . Au retour , don Ruf en ménageant ses"
Monnier-Marc_Un-detraque_<Don Ruf-2358>_46017,", don Ruf en ménageant ses effets , quoique naturaliste"
Monnier-Marc_Un-detraque_<Don Ruf-2358>_46023,"effets , quoique naturaliste , entra sans s' expliquer chez"
Monnier-Marc_Un-detraque_<Don Ruf-2358>_46075,"une armoire à glace , il fit habiller Francisquiel de"
Monnier-Marc_Un-detraque_<Don Ruf-2358>_46078,"glace , il fit habiller Francisquiel de pied en cape"
Monnier-Marc_Un-detraque_<Don Ruf-2358>_46087,"cape . Soyons francs , l' ânier y perdit beaucoup"
Monnier-Marc_Un-detraque_<Don Ruf-2358>_46096,"beaucoup : ce costume gris l' enlaidissait , le serrait"
Monnier-Marc_Un-detraque_<Don Ruf-2358>_46099,"costume gris l' enlaidissait , le serrait , l' étriquait"
Monnier-Marc_Un-detraque_<Don Ruf-2358>_46102,"enlaidissait , le serrait , l' étriquait , le gênait"
Monnier-Marc_Un-detraque_<Don Ruf-2358>_46105,"serrait , l' étriquait , le gênait à l' épaule"
Monnier-Marc_Un-detraque_<Don Ruf-2358>_46117,"coude , au genou , lui enlevait toute liberté d'"
Monnier-Marc_Un-detraque_<Don Ruf-2358>_46125,liberté d' allure . Mais don Ruf allait produire son
Monnier-Marc_Un-detraque_<Don Ruf-2358>_46129,Mais don Ruf allait produire son effet . Quand Francisquiel
Monnier-Marc_Un-detraque_<Don Ruf-2358>_46133,"produire son effet . Quand Francisquiel , ainsi déformé ,"
Monnier-Marc_Un-detraque_<Don Ruf-2358>_46143,eut regagné la rue et voulut remonter sur le siège
Monnier-Marc_Un-detraque_<Don Ruf-2358>_46149,remonter sur le siège ; le patron lui dit majestueusement
Monnier-Marc_Un-detraque_<Don Ruf-2358>_46151,le siège ; le patron lui dit majestueusement : –
Monnier-Marc_Un-detraque_<Don Ruf-2358>_46159,": – Monte dedans , mon brave , et assieds"
Monnier-Marc_Un-detraque_<Don Ruf-2358>_46163,", mon brave , et assieds - toi là près"
Monnier-Marc_Un-detraque_<Don Ruf-2358>_46164,"mon brave , et assieds - toi là près de"
Monnier-Marc_Un-detraque_<Don Ruf-2358>_46169,- toi là près de moi ; tu as en
Monnier-Marc_Un-detraque_<Don Ruf-2358>_46171,là près de moi ; tu as en ce moment
Monnier-Marc_Un-detraque_<Don Ruf-2358>_46189,mille livres de rente . Francisquiel demanda des explications :
Monnier-Marc_Un-detraque_<Don Ruf-2358>_46196,des explications : dès qu' il eut appris que cette
Monnier-Marc_Un-detraque_<Don Ruf-2358>_46202,eut appris que cette richesse lui venait de son père
Monnier-Marc_Un-detraque_<Don Ruf-2358>_46205,"cette richesse lui venait de son père , il déclara"
Monnier-Marc_Un-detraque_<Don Ruf-2358>_46208,"venait de son père , il déclara nettement que c'"
Monnier-Marc_Un-detraque_<Don Ruf-2358>_46220,"l' argent mal gagné , il n' en voulait pas"
Monnier-Marc_Un-detraque_<Don Ruf-2358>_46226,n' en voulait pas . Don Ruf bondit sur la
Monnier-Marc_Un-detraque_<Don Ruf-2358>_46242,"! s' écria - t - il , tu t'"
Monnier-Marc_Un-detraque_<Don Ruf-2358>_46245,"- t - il , tu t' es donc nourri"
Monnier-Marc_Un-detraque_<Don Ruf-2358>_46320,"qui dura cinq minutes , l' orateur passa du général"
Monnier-Marc_Un-detraque_<Don Ruf-2358>_46323,"minutes , l' orateur passa du général au particulier ."
Monnier-Marc_Un-detraque_<Don Ruf-2358>_46325,l' orateur passa du général au particulier . – Tu
Monnier-Marc_Un-detraque_<Don Ruf-2358>_46329,général au particulier . – Tu ne veux pas de
Monnier-Marc_Un-detraque_<Don Ruf-2358>_46341,", pourquoi ? Ce que tu fais est faux ,"
Monnier-Marc_Un-detraque_<Don Ruf-2358>_46346,"tu fais est faux , tu mens ; tu patauges"
Monnier-Marc_Un-detraque_<Don Ruf-2358>_46349,"faux , tu mens ; tu patauges dans l' Octave"
Monnier-Marc_Un-detraque_<Don Ruf-2358>_46380,Quiaïe ( Chiaja ) ; tu vois toutes ces voitures
Monnier-Marc_Un-detraque_<Don Ruf-2358>_46410,", escargots , curricles ( il en cita bien d'"
Monnier-Marc_Un-detraque_<Don Ruf-2358>_46419,"d' autres , c' était son fort ) : tous"
Monnier-Marc_Un-detraque_<Don Ruf-2358>_46438,des pères qui volaient . Moi - même … Il
Monnier-Marc_Un-detraque_<Don Ruf-2358>_46442,". Moi - même … Il s' arrêta net ,"
Monnier-Marc_Un-detraque_<Don Ruf-2358>_46451,", par respect filial : il en avait aussi un"
Monnier-Marc_Un-detraque_<Don Ruf-2358>_46464,se l' avouer . – Vous - même ? demanda
Monnier-Marc_Un-detraque_<Don Ruf-2358>_46469,Vous - même ? demanda Francisquiel . – Il ne
Monnier-Marc_Un-detraque_<Don Ruf-2358>_46478,"ne s' agit pas de moi : tous ont ,"
Monnier-Marc_Un-detraque_<Don Ruf-2358>_46501,", les misérables … – J' aime mieux aller à"
Monnier-Marc_Un-detraque_<Don Ruf-2358>_46509,"aller à pied , dit Francisquiel . – Mais ,"
Monnier-Marc_Un-detraque_<Don Ruf-2358>_46514,"Francisquiel . – Mais , triple animal , tu manques"
Monnier-Marc_Un-detraque_<Don Ruf-2358>_46517,"Mais , triple animal , tu manques à toutes les"
Monnier-Marc_Un-detraque_<Don Ruf-2358>_46530,et de l' utilitarisme ! Tu opposes la tyrannie du
Monnier-Marc_Un-detraque_<Don Ruf-2358>_46543,la logique des faits . Tu trahis d' abord l'
Monnier-Marc_Un-detraque_<Don Ruf-2358>_46551,abord l' intérêt personnel ! Toi d' abord ! Hors
Monnier-Marc_Un-detraque_<Don Ruf-2358>_46603,"que là . » – Tu travailles ensuite , poursuivit"
Monnier-Marc_Un-detraque_<Don Ruf-2358>_46620,"société . Cet argent que tu refuses , où ira"
Monnier-Marc_Un-detraque_<Don Ruf-2358>_46631,t - il ? A tes oncles : à celui
Monnier-Marc_Un-detraque_<Don Ruf-2358>_46648,"chez le notaire Garbouille , t' appelait lazzarone et prétendait"
Monnier-Marc_Un-detraque_<Don Ruf-2358>_46655,"lazzarone et prétendait ne pas te connaître , comme Dieu"
Monnier-Marc_Un-detraque_<Don Ruf-2358>_46665,est vrai . Et pressens - tu bien ce que
Monnier-Marc_Un-detraque_<Don Ruf-2358>_46733,marché . Tout cela par ta faute . • –
Monnier-Marc_Un-detraque_<Don Ruf-2358>_46750,Francisquiel . En ce moment il tira son chapeau à
Monnier-Marc_Un-detraque_<Don Ruf-2358>_46752,En ce moment il tira son chapeau à un personnage
Monnier-Marc_Un-detraque_<Don Ruf-2358>_46771,Reale . – Qui salues - tu ? demanda don
Monnier-Marc_Un-detraque_<Don Ruf-2358>_46775,salues - tu ? demanda don Ruf . – C'
Monnier-Marc_Un-detraque_<Don Ruf-2358>_46784,C' est le banquier qui m' a donné tant d'
Monnier-Marc_Un-detraque_<Don Ruf-2358>_46795,"pour un vase … Il me regarde avec surprise ,"
Monnier-Marc_Un-detraque_<Don Ruf-2358>_46805,on dirait qu' il ne me reconnaît plus . J'
Monnier-Marc_Un-detraque_<Don Ruf-2358>_46809,ne me reconnaît plus . J' ai envie de lui
Monnier-Marc_Un-detraque_<Don Ruf-2358>_46821,". – Va , si tu crois , mais j'"
Monnier-Marc_Un-detraque_<Don Ruf-2358>_46825,"si tu crois , mais j' irai avec toi ."
Monnier-Marc_Un-detraque_<Don Ruf-2358>_46828,", mais j' irai avec toi . C' est moi"
Monnier-Marc_Un-detraque_<Don Ruf-2358>_46830,j' irai avec toi . C' est moi qui veux
Monnier-Marc_Un-detraque_<Don Ruf-2358>_46832,avec toi . C' est moi qui veux lui raconter
Monnier-Marc_Un-detraque_<Don Ruf-2358>_46833,toi . C' est moi qui veux lui raconter ton
Monnier-Marc_Un-detraque_<Don Ruf-2358>_46837,moi qui veux lui raconter ton affaire . La carrozzelle
Monnier-Marc_Un-detraque_<Don Ruf-2358>_46854,"et attendit très patiemment ; Francisquiel , s' étant fait"
Monnier-Marc_Un-detraque_<Don Ruf-2358>_46862,"étant fait reconnaître , présenta don Ruf au banquier qui"
Monnier-Marc_Un-detraque_<Don Ruf-2358>_46864,"reconnaître , présenta don Ruf au banquier qui l' écouta"
Monnier-Marc_Un-detraque_<Don Ruf-2358>_46866,présenta don Ruf au banquier qui l' écouta de bon
Monnier-Marc_Un-detraque_<Don Ruf-2358>_46867,don Ruf au banquier qui l' écouta de bon cœur
Monnier-Marc_Un-detraque_<Don Ruf-2358>_46900,"grille . Après quoi , don Ruf , exténué ,"
Monnier-Marc_Un-detraque_<Don Ruf-2358>_46933,"tous les deux , conclut le banquier . Il est"
Monnier-Marc_Un-detraque_<Don Ruf-2358>_46994,"exige l' opinion publique . Songez - y , très"
Monnier-Marc_Un-detraque_<Don Ruf-2358>_46998,". Songez - y , très estimé don Ruf ,"
Monnier-Marc_Un-detraque_<Don Ruf-2358>_47000,"- y , très estimé don Ruf , le strict"
Monnier-Marc_Un-detraque_<Don Ruf-2358>_47072,". – Bon ! pensa don Ruf , la banque"
Monnier-Marc_Un-detraque_<Don Ruf-2358>_47091,"– Quant à vous , mon ami , poursuivit le"
Monnier-Marc_Un-detraque_<Don Ruf-2358>_47095,", mon ami , poursuivit le banquier en se tournant"
Monnier-Marc_Un-detraque_<Don Ruf-2358>_47134,"bien de votre père , je ne veux pas vous"
Monnier-Marc_Un-detraque_<Don Ruf-2358>_47172,"d' après un calcul de don Ruf , qui me"
Monnier-Marc_Un-detraque_<Don Ruf-2358>_47175,"calcul de don Ruf , qui me paraît être un"
Monnier-Marc_Un-detraque_<Don Ruf-2358>_47176,"de don Ruf , qui me paraît être un excellent"
Monnier-Marc_Un-detraque_<Don Ruf-2358>_47213,"voulez donc , s' écria don Ruf , que l'"
Monnier-Marc_Un-detraque_<Don Ruf-2358>_47239,"à la rivière , répondit le banquier . – Et"
Monnier-Marc_Un-detraque_<Don Ruf-2358>_47276,"bon comptable , trouva que le banquier avait raison ."
Monnier-Marc_Un-detraque_<Don Ruf-2358>_47291,"la porte du jardin ; don Ruf , en y"
Monnier-Marc_Un-detraque_<Don Ruf-2358>_47307,"état d' exaspération , qu' il ne se contenta pas"
Monnier-Marc_Un-detraque_<Don Ruf-2358>_47324,"et Octave Feuillet , mais il remonta jusqu' à Plutarque"
Monnier-Marc_Un-detraque_<Don Ruf-2358>_47338,"lui , cria - t - il , qui a"
Monnier-Marc_Un-detraque_<Don Ruf-2358>_47362,se demandant avec curiosité pourquoi cet homme mûr grondait si
Monnier-Marc_Un-detraque_<Don Ruf-2358>_47471,"entre les deux cafés , don Ruf , qui n'"
Monnier-Marc_Un-detraque_<Don Ruf-2358>_47474,"cafés , don Ruf , qui n' avait pas cessé"
Monnier-Marc_Un-detraque_<Don Ruf-2358>_47494,l' épaule du cocher et avança vers lui la paume
Monnier-Marc_Un-detraque_<Francisquiel-2656>_50274,Dix - huit . Pourquoi Francisquiel mentait - il ainsi
Monnier-Marc_Un-detraque_<Francisquiel-2656>_50276,huit . Pourquoi Francisquiel mentait - il ainsi ? Toutes
Monnier-Marc_Un-detraque_<Francisquiel-2656>_50281,- il ainsi ? Toutes ses indications étaient inexactes .
Monnier-Marc_Un-detraque_<Francisquiel-2656>_50290,. Est - ce qu' il voulait dépister le naturaliste
Monnier-Marc_Un-detraque_<Francisquiel-2656>_50298,le naturaliste ? Ou bien tenait - il à voiler
Monnier-Marc_Un-detraque_<Francisquiel-2656>_50299,naturaliste ? Ou bien tenait - il à voiler la
Monnier-Marc_Un-detraque_<Francisquiel-2656>_50333,", sous la terrasse , l' ex - ânier avait"
Monnier-Marc_Un-detraque_<Francisquiel-2656>_50342,avait vu l' inconnue qui lui avait pris le cœur
Monnier-Marc_Un-detraque_<Francisquiel-2656>_50440,étoile sur le front . Francisquiel resta longtemps en extase
Monnier-Marc_Un-detraque_<Francisquiel-2656>_50447,"longtemps en extase , retenant son souffle qui eût pu"
Monnier-Marc_Un-detraque_<Francisquiel-2656>_50456,pu dissiper l' apparition . Il fut ramené sur la
Monnier-Marc_Un-detraque_<Francisquiel-2656>_50475,descendait de la colline et l' invitait à ne plus
Monnier-Marc_Un-detraque_<Francisquiel-2656>_50480,l' invitait à ne plus lui barrer le chemin .
Monnier-Marc_Un-detraque_<Francisquiel-2656>_50494,"chevrier , se penchant vers le contemplateur , lui chuchota"
Monnier-Marc_Un-detraque_<Francisquiel-2656>_50497,"penchant vers le contemplateur , lui chuchota ces mots à"
Monnier-Marc_Un-detraque_<Francisquiel-2656>_50506,"à l' oreille : – Fils , tu perds ton"
Monnier-Marc_Un-detraque_<Francisquiel-2656>_50508,"oreille : – Fils , tu perds ton temps ;"
Monnier-Marc_Un-detraque_<Francisquiel-2656>_50510,"– Fils , tu perds ton temps ; celle -"
Monnier-Marc_Un-detraque_<Francisquiel-2656>_50520,ci n' est pas pour toi . Francisquiel devint d'
Monnier-Marc_Un-detraque_<Francisquiel-2656>_50522,est pas pour toi . Francisquiel devint d' abord très
Monnier-Marc_Un-detraque_<Francisquiel-2656>_50539,"en flagrant délit , puis il se mit à descendre"
Monnier-Marc_Un-detraque_<Francisquiel-2656>_50549,"tristement derrière le chevrier qu' il rejoignit bientôt , à"
Monnier-Marc_Un-detraque_<Francisquiel-2656>_50588,"elle pas pour moi , compère ? – Parce que"
Monnier-Marc_Un-detraque_<Francisquiel-2656>_50593,"compère ? – Parce que tu as été tchioutchiare ,"
Monnier-Marc_Un-detraque_<Francisquiel-2656>_50602,", répondit le chevrier . Tu as tenu longtemps la"
Monnier-Marc_Un-detraque_<Francisquiel-2656>_50627,la cachent pas . – Vous connaissez la personne qui
Monnier-Marc_Un-detraque_<Francisquiel-2656>_50642,"– Oui et non , je ne lui ai jamais"
Monnier-Marc_Un-detraque_<Francisquiel-2656>_50658,une maison dont la portière m' achète du lait .
Monnier-Marc_Un-detraque_<Francisquiel-2656>_50671,causer un peu pendant que je trais mes chèvres .
Monnier-Marc_Un-detraque_<Francisquiel-2656>_50673,peu pendant que je trais mes chèvres . Cette maison
Monnier-Marc_Un-detraque_<Francisquiel-2656>_50704,"par an . Donc , mon gamin , les filles"
Monnier-Marc_Un-detraque_<Francisquiel-2656>_50767,"( bigre ) s' écria le chevrier , en faisant"
Monnier-Marc_Un-detraque_<Francisquiel-2656>_50773,"chevrier , en faisant claquer ses doigts . – Sais"
Monnier-Marc_Un-detraque_<Francisquiel-2656>_50778,ses doigts . – Sais - tu au moins son
Monnier-Marc_Un-detraque_<Francisquiel-2656>_50797,", non ; mais si tu me donnes un mozzone"
Monnier-Marc_Un-detraque_<Francisquiel-2656>_50798,non ; mais si tu me donnes un mozzone (
Monnier-Marc_Un-detraque_<Francisquiel-2656>_50809,"bout de cigare ) , je te le dirai demain"
Monnier-Marc_Un-detraque_<Francisquiel-2656>_50810,"de cigare ) , je te le dirai demain ."
Monnier-Marc_Un-detraque_<Francisquiel-2656>_50815,te le dirai demain . Francisquiel ouvrit son porte -
Monnier-Marc_Un-detraque_<Francisquiel-2656>_50817,dirai demain . Francisquiel ouvrit son porte - monnaie qui
Monnier-Marc_Un-detraque_<Francisquiel-2656>_50827,était un portefeuille et en tira un billet de dix
Monnier-Marc_Un-detraque_<Francisquiel-2656>_50834,billet de dix sous . Le chevrier le prit et
Monnier-Marc_Un-detraque_<Francisquiel-2656>_50839,Le chevrier le prit et ôta son bonnet en disant
Monnier-Marc_Un-detraque_<Francisquiel-2656>_50840,chevrier le prit et ôta son bonnet en disant :
Monnier-Marc_Un-detraque_<Francisquiel-2656>_50846,bonnet en disant : – Serviteur de Votre Excellence .
Monnier-Marc_Un-detraque_<Francisquiel-2656>_50855,". Le lendemain , devant sa porte , en attendant"
Monnier-Marc_Un-detraque_<Francisquiel-2656>_50871,"à la même heure , Francisquiel essaya de lire un"
Monnier-Marc_Un-detraque_<Francisquiel-2656>_50879,lire un des volumes que lui avait prêtés don Ruf
Monnier-Marc_Un-detraque_<Francisquiel-2656>_50885,avait prêtés don Ruf . Il n' en put supporter
Monnier-Marc_Un-detraque_<Francisquiel-2656>_50894,supporter trois pages et le jeta loin de lui avec
Monnier-Marc_Un-detraque_<Francisquiel-2656>_50897,"et le jeta loin de lui avec dégoût , Tchitchil"
Monnier-Marc_Un-detraque_<Francisquiel-2656>_50927,rage de joie . Enfin le chevrier arriva . –
Monnier-Marc_Un-detraque_<Francisquiel-2656>_51012,". – Hélas ! pensa Francisquiel , qui renonça aussitôt"
Monnier-Marc_Un-detraque_<Francisquiel-2656>_51014,"Hélas ! pensa Francisquiel , qui renonça aussitôt à son"
Monnier-Marc_Un-detraque_<Francisquiel-2656>_51018,", qui renonça aussitôt à son rêve et qui ,"
Monnier-Marc_Un-detraque_<Francisquiel-2656>_51021,"aussitôt à son rêve et qui , le jour même"
Monnier-Marc_Un-detraque_<Francisquiel-2656>_51029,"jour même , alla confier ses chagrins à don Ruf"
Monnier-Marc_Un-detraque_<Francisquiel-2656>_51120,mot vieilli . – Et je ne pourrai jamais l'
Monnier-Marc_Un-detraque_<Francisquiel-2656>_51128,"jamais l' épouser , soupira Francisquiel . – L' épouser"
Monnier-Marc_Un-detraque_<Francisquiel-2656>_51143,"risible ? L' épouser , toi ? Tu songes à"
Monnier-Marc_Un-detraque_<Francisquiel-2656>_51145,"L' épouser , toi ? Tu songes à l' épouser"
Monnier-Marc_Un-detraque_<Francisquiel-2656>_51180,"eurent beaucoup d' enfants . Te marier , toi ,"
Monnier-Marc_Un-detraque_<Francisquiel-2656>_51183,"enfants . Te marier , toi , mon élève ,"
Monnier-Marc_Un-detraque_<Francisquiel-2656>_51280,"et boutonnent leur habit . Francisquiel , sûr de n'"
Monnier-Marc_Un-detraque_<Francisquiel-2656>_51299,Qu' est - ce qui te prend ? demanda don
Monnier-Marc_Un-detraque_<Francisquiel-2656>_51307,demanda don Ruf . – J' ai conduit des ânes
Monnier-Marc_Un-detraque_<Francisquiel-2656>_51314,"conduit des ânes , et mon père était . Le"
Monnier-Marc_Un-detraque_<Francisquiel-2656>_51318,et mon père était . Le pauvre garçon n' acheva
Monnier-Marc_Un-detraque_<Francisquiel-2656>_51334,"enfant , soyons raisonnables . Tu as conduit des ânes"
Monnier-Marc_Un-detraque_<Francisquiel-2656>_51351,sot métier . A présent tu possèdes au moins de
Monnier-Marc_Un-detraque_<Francisquiel-2656>_51363,", malgré la fortune que tu n' as pas voulue"
Monnier-Marc_Un-detraque_<Francisquiel-2656>_51371,"pas voulue , en quoi tu as agi fort sottement"
Monnier-Marc_Un-detraque_<Francisquiel-2656>_51388,"l' éponge . Quant à ton père , eh bien"
Monnier-Marc_Un-detraque_<Francisquiel-2656>_51423,"père puisse encore retomber sur le fils . Ça ,"
Monnier-Marc_Un-detraque_<Francisquiel-2656>_51526,"lutte pour la vie . Mange - moi , sans"
Monnier-Marc_Un-detraque_<Francisquiel-2656>_51533,"moi , sans quoi je te mange ; hors de"
Monnier-Marc_Un-detraque_<Francisquiel-2656>_51571,". Malgré la sottise que tu as faite , tu"
Monnier-Marc_Un-detraque_<Francisquiel-2656>_51575,"que tu as faite , tu as de quoi dîner"
Monnier-Marc_Un-detraque_<Francisquiel-2656>_51588,", et même , si tu y tiens , de"
Monnier-Marc_Un-detraque_<Francisquiel-2656>_51598,quoi mettre deux couverts à ta table . Tu seras
Monnier-Marc_Un-detraque_<Francisquiel-2656>_51601,couverts à ta table . Tu seras majeur dans quelques
Monnier-Marc_Un-detraque_<Francisquiel-2656>_51609,"dans quelques jours , et ton banquier , que j'"
Monnier-Marc_Un-detraque_<Francisquiel-2656>_51624,", m' a dit que tu pourrais dépenser déjà quinze"
Monnier-Marc_Un-detraque_<Francisquiel-2656>_51636,"tous les ans , si tu voulais . Donc ,"
Monnier-Marc_Un-detraque_<Francisquiel-2656>_51645,", ne pleure pas , ta vie est assurée ."
Monnier-Marc_Un-detraque_<Francisquiel-2656>_51651,vie est assurée . Si tu persistais dans l' idée
Monnier-Marc_Un-detraque_<Francisquiel-2656>_51662,"de prendre une femme , tu en trouverais cent pour"
Monnier-Marc_Un-detraque_<Francisquiel-2656>_51677,"plus hautes maisons , malgré ton passé , malgré celui"
Monnier-Marc_Un-detraque_<Francisquiel-2656>_51683,"passé , malgré celui de ta famille . Moi -"
Monnier-Marc_Un-detraque_<Francisquiel-2656>_51711,je serais très fier de te la donner . Don
Monnier-Marc_Un-detraque_<Francisquiel-2656>_51750,dicté une parole imprudente : Francisquiel le prit dans ses
Monnier-Marc_Un-detraque_<Francisquiel-2656>_51751,une parole imprudente : Francisquiel le prit dans ses bras
Monnier-Marc_Un-detraque_<Francisquiel-2656>_51754,": Francisquiel le prit dans ses bras , sur la"
Monnier-Marc_Un-detraque_<Francisquiel-2656>_51769,"pleine de monde , et le serra contre son cœur"
Monnier-Marc_Un-detraque_<Francisquiel-2656>_51770,"de monde , et le serra contre son cœur avec"
Monnier-Marc_Un-detraque_<Francisquiel-2656>_51772,", et le serra contre son cœur avec effusion ."
Monnier-Marc_Un-detraque_<Francisquiel-2656>_51810,. – Où en êtes - vous ? reprit don
Monnier-Marc_Un-detraque_<Francisquiel-2656>_51817,"? reprit don Ruf , toi et Térésine … –"
Monnier-Marc_Un-detraque_<Francisquiel-2656>_51819,"don Ruf , toi et Térésine … – Térésine ?"
Monnier-Marc_Un-detraque_<Francisquiel-2656>_51822,toi et Térésine … – Térésine ? – Tu as
Monnier-Marc_Un-detraque_<Francisquiel-2656>_51825,… – Térésine ? – Tu as déjà oublié son
Monnier-Marc_Un-detraque_<Francisquiel-2656>_51829,– Tu as déjà oublié son nom ? – Pardonnez
Monnier-Marc_Un-detraque_<Francisquiel-2656>_51834,"son nom ? – Pardonnez - moi , ma tête"
Monnier-Marc_Un-detraque_<Francisquiel-2656>_51837,"– Pardonnez - moi , ma tête n' y est"
Monnier-Marc_Un-detraque_<Francisquiel-2656>_51844,n' y est plus . Vous voulez savoir où nous
Monnier-Marc_Un-detraque_<Francisquiel-2656>_51860,"nous en sommes là , je ne lui ai pas"
Monnier-Marc_Un-detraque_<Francisquiel-2656>_51862,"sommes là , je ne lui ai pas encore parlé"
Monnier-Marc_Un-detraque_<Francisquiel-2656>_51873,C' est à peine si j' ai pu la voir
Monnier-Marc_Un-detraque_<Francisquiel-2656>_51876,"peine si j' ai pu la voir une fois ,"
Monnier-Marc_Un-detraque_<Francisquiel-2656>_51889,. Impossible d' arriver où elle est . – Où
Monnier-Marc_Un-detraque_<Francisquiel-2656>_51895,est . – Où est - elle ? – Dans
Monnier-Marc_Un-detraque_<Francisquiel-2656>_51914,"n' y entrerait pas . Vous voyez bien , il"
Monnier-Marc_Un-detraque_<Francisquiel-2656>_51930,. – La terrasse où tu l' as vue est
Monnier-Marc_Un-detraque_<Francisquiel-2656>_51931,– La terrasse où tu l' as vue est -
Monnier-Marc_Un-detraque_<Francisquiel-2656>_51964,"mètres au moins , estima don Ruf . Et en"
Monnier-Marc_Un-detraque_<Francisquiel-2656>_52010,une propriété de campagne . Tâche d' y avoir tes
Monnier-Marc_Un-detraque_<Francisquiel-2656>_52014,. Tâche d' y avoir tes entrées … – Je
Monnier-Marc_Un-detraque_<Francisquiel-2656>_52018,avoir tes entrées … – Je l' achèterai s' il
Monnier-Marc_Un-detraque_<Francisquiel-2656>_52032,"Pas de bêtise ! répartit don Ruf , qui était"
Monnier-Marc_Un-detraque_<Francisquiel-2656>_52035,"! répartit don Ruf , qui était bon comptable ."
Monnier-Marc_Un-detraque_<Francisquiel-2656>_52040,qui était bon comptable . Tu y feras ce que
Monnier-Marc_Un-detraque_<Francisquiel-2656>_52045,Tu y feras ce que tu voudras avec une bonne
Monnier-Marc_Un-detraque_<Francisquiel-2656>_52065,"y a des maîtres , tu pourras te lier avec"
Monnier-Marc_Un-detraque_<Francisquiel-2656>_52081,"a qu' un chien , tu lui jetteras un petit"
Monnier-Marc_Un-detraque_<Francisquiel-2656>_52092,dans la gueule … – J' ai compris ! dit
Monnier-Marc_Un-detraque_<Francisquiel-2656>_52100,! dit Francisquiel en jetant son chapeau en l' air
Monnier-Marc_Un-detraque_<Francisquiel-2656>_52201,cueillir les fruits . Quand Francisquiel alla lui demander la
Monnier-Marc_Un-detraque_<Francisquiel-2656>_52223,"homme , fort étonné , lui répondit aussitôt : –"
Monnier-Marc_Un-detraque_<Francisquiel-2656>_52242,"habit et aux souliers que c' était un monsieur ,"
Monnier-Marc_Un-detraque_<Francisquiel-2656>_52247,"c' était un monsieur , il lui demanda pour quoi"
Monnier-Marc_Un-detraque_<Francisquiel-2656>_52248,"était un monsieur , il lui demanda pour quoi faire"
Monnier-Marc_Un-detraque_<Francisquiel-2656>_52262,"des citrons frais , dit Francisquiel . – Alors vous"
Monnier-Marc_Un-detraque_<Francisquiel-2656>_52266,dit Francisquiel . – Alors vous me donnerez cinq sous
Monnier-Marc_Un-detraque_<Francisquiel-2656>_52267,Francisquiel . – Alors vous me donnerez cinq sous par
Monnier-Marc_Un-detraque_<Francisquiel-2656>_52275,sous par jour . – Je t' en donnerai dix
Monnier-Marc_Un-detraque_<Francisquiel-2656>_52276,par jour . – Je t' en donnerai dix .
Monnier-Marc_Un-detraque_<Francisquiel-2656>_52281,t' en donnerai dix . Le paysan regretta de ne
Monnier-Marc_Un-detraque_<Francisquiel-2656>_52309,"une petite porte dont on lui donna la clef ,"
Monnier-Marc_Un-detraque_<Francisquiel-2656>_52323,"d' épaule aurait ouverte , Francisquiel entra dans le bois"
Monnier-Marc_Un-detraque_<Francisquiel-2656>_52353,de fragons piquants dardant contre lui leurs épines . Cela
Monnier-Marc_Un-detraque_<Francisquiel-2656>_52360,"épines . Cela fait , il dut casser quantité de"
Monnier-Marc_Un-detraque_<Francisquiel-2656>_52379,deux fois plus haut que lui . Il y monta
Monnier-Marc_Un-detraque_<Francisquiel-2656>_52381,"plus haut que lui . Il y monta cependant ,"
Monnier-Marc_Un-detraque_<Francisquiel-2656>_52392,"sans peine , et quand il se fut assis sur"
Monnier-Marc_Un-detraque_<Francisquiel-2656>_52409,s' essuyant le front avec sa manche ( ah !
Monnier-Marc_Un-detraque_<Francisquiel-2656>_52420,"vieilles habitudes ! ) , il constata que ce ne"
Monnier-Marc_Un-detraque_<Francisquiel-2656>_52428,ce ne pouvait être pour lui un poste d' observation
Monnier-Marc_Un-detraque_<Francisquiel-2656>_52436,"d' observation . Certes , il voyait de là -"
Monnier-Marc_Un-detraque_<Francisquiel-2656>_52486,"allée , le jardin devaient le voir à merveille ,"
Monnier-Marc_Un-detraque_<Francisquiel-2656>_52501,vert . Aussi n' eut - il rien de plus
Monnier-Marc_Un-detraque_<Francisquiel-2656>_52529,"veut et rien autre , il essaya de pratiquer un"
Monnier-Marc_Un-detraque_<Francisquiel-2656>_52542,mur à la hauteur de son œil . Ce travail
Monnier-Marc_Un-detraque_<Francisquiel-2656>_52554,quand on n' a que ses ongles ; par bonheur
Monnier-Marc_Un-detraque_<Francisquiel-2656>_52586,sans bruit tout près de Francisquiel . – Hé !
Monnier-Marc_Un-detraque_<Francisquiel-2656>_52629,"première , c' est que tu m' ôtes cette pierre"
Monnier-Marc_Un-detraque_<Francisquiel-2656>_52643,"seconde , c' est que tu ne remettras plus les"
Monnier-Marc_Un-detraque_<Francisquiel-2656>_52686,questions . Un garçon qui vous donne vingt sous tous
Monnier-Marc_Un-detraque_<Francisquiel-2656>_52756,nous en mêlons pas . Francisquiel fut ravi de son
Monnier-Marc_Un-detraque_<Francisquiel-2656>_52760,. Francisquiel fut ravi de son idée : par l'
Monnier-Marc_Un-detraque_<Francisquiel-2656>_52768,"par l' étroite ouverture qu' il avait fait pratiquer ,"
Monnier-Marc_Un-detraque_<Francisquiel-2656>_52773,"il avait fait pratiquer , il pouvait tout voir sans"
Monnier-Marc_Un-detraque_<Francisquiel-2656>_52781,voir sans être vu . Il y tint son œil
Monnier-Marc_Un-detraque_<Francisquiel-2656>_52784,vu . Il y tint son œil braqué jusqu' au
Monnier-Marc_Un-detraque_<Francisquiel-2656>_52833,", de bonne heure , il la vit arriver lentement"
Monnier-Marc_Un-detraque_<Francisquiel-2656>_52924,", le dos tourné à Francisquiel , et reprit sa"
Monnier-Marc_Un-detraque_<Mariannine une célébrité médicale-1523>_29058,don Ruf appela auprès de Mariannine une célébrité médicale .
Monnier-Marc_Un-detraque_<Mariannine une célébrité médicale-1523>_29144,"Interrogé sur la maladie de Mariannine , il répondit avec"
Monnier-Marc_Un-detraque_<Mariannine une célébrité médicale-1523>_29152,répondit avec conviction : – C' est un cas très
Monnier-Marc_Un-detraque_<Mariannine une célébrité médicale-1523>_29154,conviction : – C' est un cas très intéressant .
Monnier-Marc_Un-detraque_<Mariannine une célébrité médicale-1523>_29256,"un pareil homme . Cependant la malade , sur qui"
Monnier-Marc_Un-detraque_<Mariannine une célébrité médicale-1523>_29260,"Cependant la malade , sur qui furent essayés tous les"
Monnier-Marc_Un-detraque_<Mariannine une célébrité médicale-1523>_29286,"affligé , passait près d' elle de longues nuits blanches"
Monnier-Marc_Un-detraque_<Mariannine une célébrité médicale-1523>_29330,"doucement les doigts brûlants de Mariannine . Enfin , dans"
Monnier-Marc_Un-detraque_<Mariannine une célébrité médicale-1523>_29354,ne plus rien faire . La malade guérit . Elle
Monnier-Marc_Un-detraque_<Mariannine une célébrité médicale-1523>_29358,". La malade guérit . Elle guérit très vite ,"
Monnier-Marc_Un-detraque_<Mariannine une célébrité médicale-1523>_29367,", trop vite . Pendant sa convalescence , elle pria"
Monnier-Marc_Un-detraque_<Mariannine une célébrité médicale-1523>_29370,". Pendant sa convalescence , elle pria son mari ,"
Monnier-Marc_Un-detraque_<Mariannine une célébrité médicale-1523>_29372,"sa convalescence , elle pria son mari , qui ne"
Monnier-Marc_Un-detraque_<Mariannine une célébrité médicale-1523>_29377,"son mari , qui ne la quittait pas , de"
Monnier-Marc_Un-detraque_<Mariannine une célébrité médicale-1523>_29382,"la quittait pas , de lui traduire en napolitain tous"
Monnier-Marc_Un-detraque_<Mariannine une célébrité médicale-1523>_29393,volumes nouveaux qui traînaient dans sa chambre sur tous les
Monnier-Marc_Un-detraque_<Mariannine une célébrité médicale-1523>_29406,", en l' écoutant , elle poussait des petits cris"
Monnier-Marc_Un-detraque_<Mariannine une célébrité médicale-1523>_29413,"des petits cris étouffés , fermait ses paupières humides ."
Monnier-Marc_Un-detraque_<Mariannine une célébrité médicale-1523>_29414,"petits cris étouffés , fermait ses paupières humides . Sa"
Monnier-Marc_Un-detraque_<Mariannine une célébrité médicale-1523>_29418,fermait ses paupières humides . Sa belle couleur de brune
Monnier-Marc_Un-detraque_<Mariannine une célébrité médicale-1523>_29423,Sa belle couleur de brune lui revenait à vue d'
Monnier-Marc_Un-detraque_<Mariannine une célébrité médicale-1523>_29433,œil . Le docteur Scharf lui conseilla d' aller passer
Monnier-Marc_Un-detraque_<Mariannine une célébrité médicale-1523>_29450,le frais des ombrages ; elle refusa net . –
Monnier-Marc_Un-detraque_<Mariannine une célébrité médicale-1523>_29462,"pour don Ruf , disait - elle . Le pauvre"
Monnier-Marc_Un-detraque_<Mariannine une célébrité médicale-1523>_29479,"la campagne , seul avec moi . Voyez comme il"
Monnier-Marc_Un-detraque_<Mariannine une célébrité médicale-1523>_29514,"retourna au café , et Mariannine sortit seule tous les"
Monnier-Marc_Un-detraque_<Mariannine une célébrité médicale-1523>_29521,seule tous les jours ; elle allait à la place
Monnier-Marc_Un-detraque_<Mariannine une célébrité médicale-1523>_29532,"la Charité , d' où elle revenait avec un air"
Monnier-Marc_Un-detraque_<Mariannine une célébrité médicale-1523>_29551,"crises de rage . On la voyait alors quinteuse ,"
Monnier-Marc_Un-detraque_<Mariannine une célébrité médicale-1523>_29566,"la maison , criant contre son dé qu' elle ne"
Monnier-Marc_Un-detraque_<Mariannine une célébrité médicale-1523>_29569,"criant contre son dé qu' elle ne trouvait plus ,"
Monnier-Marc_Un-detraque_<Mariannine une célébrité médicale-1523>_29583,"ou celle - là de l' avoir volée , demandant"
Monnier-Marc_Un-detraque_<Mariannine une célébrité médicale-1523>_29602,". Vite , vite , elle n' avait jamais le"
Monnier-Marc_Un-detraque_<Mariannine une célébrité médicale-1523>_29616,"quand la limonade arrivait , elle n' en voulait plus"
Monnier-Marc_Un-detraque_<Mariannine une célébrité médicale-1523>_29623,en voulait plus . Il lui fallait alors un sorbet
Monnier-Marc_Un-detraque_<Mariannine une célébrité médicale-1523>_29664,c' était une scène ! Elle jurait comme une comédienne
Monnier-Marc_Un-detraque_<Mariannine une célébrité médicale-1523>_29684,"n' y tenant plus , elle s' attarda un peu"
Monnier-Marc_Un-detraque_<Mariannine une célébrité médicale-1523>_29710,"longue attente , celui qu' elle cherchait , elle héla"
Monnier-Marc_Un-detraque_<Mariannine une célébrité médicale-1523>_29713,"celui qu' elle cherchait , elle héla un ânier ."
Monnier-Marc_Un-detraque_<Mariannine une célébrité médicale-1523>_29722,". – Dis donc , toi ! – Excellence ?"
Monnier-Marc_Un-detraque_<Mariannine une célébrité médicale-1523>_29739,un des vôtres ? … Tu sais bien ? –
Monnier-Marc_Un-detraque_<Mariannine une célébrité médicale-1523>_29795,- vous faire ? – Je n' en veux rien
Monnier-Marc_Un-detraque_<Mariannine une célébrité médicale-1523>_29803,"veux rien faire , répondit Mariannine qui devint très rouge"
Monnier-Marc_Un-detraque_<Mariannine une célébrité médicale-1523>_29804,"rien faire , répondit Mariannine qui devint très rouge ,"
Monnier-Marc_Un-detraque_<Mariannine une célébrité médicale-1523>_29814,parce que tous les âniers la regardaient en goguenardant ;
Monnier-Marc_Un-detraque_<Mariannine une célébrité médicale-1523>_29819,la regardaient en goguenardant ; je voudrais seulement ( elle
Monnier-Marc_Un-detraque_<Mariannine une célébrité médicale-1523>_29823,; je voudrais seulement ( elle ne trouva rien de
Monnier-Marc_Un-detraque_<Mariannine une célébrité médicale-1523>_29850,"en se pressant autour d' elle , nous sommes tous"
Monnier-Marc_Un-detraque_<Mariannine une célébrité médicale-1523>_29902,actes violents se dressa devant Mariannine . C' était don
Monnier-Marc_Un-detraque_<Mariannine une célébrité médicale-1523>_29924,"sec : – Montons , madame . Mariannine et don"
Monnier-Marc_Un-detraque_<Mariannine une célébrité médicale-1523>_29926,"– Montons , madame . Mariannine et don Ruf montèrent"
Monnier-Marc_Un-detraque_<Mariannine une célébrité médicale-1523>_29934,"Ruf montèrent à âne , elle devant , lui derrière"
Monnier-Marc_Un-detraque_<Mariannine une célébrité médicale-1523>_29941,", lui derrière , pour la surveiller . Ils n'"
Monnier-Marc_Un-detraque_<Mariannine une célébrité médicale-1523>_29990,pour ménager sa voix ; Mariannine tremblait de tous ses
Monnier-Marc_Un-detraque_<Mariannine une célébrité médicale-1523>_29994,; Mariannine tremblait de tous ses membres . Elle avait
Monnier-Marc_Un-detraque_<Mariannine une célébrité médicale-1523>_29997,de tous ses membres . Elle avait été prise en
Monnier-Marc_Un-detraque_<Mariannine une célébrité médicale-1523>_30004,été prise en faute et s' attendait à une scène
Monnier-Marc_Un-detraque_<Mariannine une célébrité médicale-1523>_30017,n' était pas cela qui l' effrayait le plus ;
Monnier-Marc_Un-detraque_<Mariannine une célébrité médicale-1523>_30103,"porte ouverte , il poussa Mariannine dans le salon qu'"
Monnier-Marc_Un-detraque_<Mariannine une célébrité médicale-1523>_30137,"sa plus grosse voix , tu es sortie seule ,"
Monnier-Marc_Un-detraque_<Mariannine une célébrité médicale-1523>_30154,"est la première fois , je vous le jure ."
Monnier-Marc_Un-detraque_<Mariannine une célébrité médicale-1523>_30155,"la première fois , je vous le jure . –"
Monnier-Marc_Un-detraque_<Mariannine une célébrité médicale-1523>_30160,vous le jure . – Tu mens . C' est
Monnier-Marc_Un-detraque_<Mariannine une célébrité médicale-1523>_30171,seconde pour le moins . Mariannine respira . Don Ruf
Monnier-Marc_Un-detraque_<Mariannine une célébrité médicale-1523>_30187,". – Le jour où tu es tombée malade ,"
Monnier-Marc_Un-detraque_<Mariannine une célébrité médicale-1523>_30199,"il , d' où es - tu tombée ? –"
Monnier-Marc_Un-detraque_<Mariannine une célébrité médicale-1523>_30214,accrochant un rideau . Ne vous l' a - t
Monnier-Marc_Un-detraque_<Mariannine une célébrité médicale-1523>_30228,"? – Oui , on me l' a dit ,"
Monnier-Marc_Un-detraque_<Mariannine une célébrité médicale-1523>_30238,"mais on mentait , et tu mens encore . –"
Monnier-Marc_Un-detraque_<Mariannine une célébrité médicale-1523>_30255,n' est pas vrai . Tu es tombée d' une
Monnier-Marc_Un-detraque_<Mariannine une célébrité médicale-1523>_30265,selle à l' anglaise où tu ne savais pas te
Monnier-Marc_Un-detraque_<Mariannine une célébrité médicale-1523>_30276,. – Qui a pu vous dire ça ? –
Monnier-Marc_Un-detraque_<Mariannine une célébrité médicale-1523>_30286,"Je l' ai vu . Tu étais sortie seule ,"
Monnier-Marc_Un-detraque_<Mariannine une célébrité médicale-1523>_30293,"sortie seule , malheureuse . Tu étais allée seule sur"
Monnier-Marc_Un-detraque_<Mariannine une célébrité médicale-1523>_30304,place de la Charité . Tu t' es approchée seule
Monnier-Marc_Un-detraque_<Mariannine une célébrité médicale-1523>_30312,approchée seule de Francisquiel . Tu lui as demandé son
Monnier-Marc_Un-detraque_<Mariannine une célébrité médicale-1523>_30321,son âne et il ne t' a pas voulue .
Monnier-Marc_Un-detraque_<Mariannine une célébrité médicale-1523>_30330,. Ce mot déplut à Mariannine qui devint rouge de
Monnier-Marc_Un-detraque_<Mariannine une célébrité médicale-1523>_30331,Ce mot déplut à Mariannine qui devint rouge de colère
Monnier-Marc_Un-detraque_<Mariannine une célébrité médicale-1523>_30342,– C' est lui qui vous a fait cette histoire
Monnier-Marc_Un-detraque_<Mariannine une célébrité médicale-1523>_30361,"espion ! – Il ne m' a rien dit ,"
Monnier-Marc_Un-detraque_<Mariannine une célébrité médicale-1523>_30366,"m' a rien dit , j' y étais . –"
Monnier-Marc_Un-detraque_<Mariannine une célébrité médicale-1523>_30373,étais . – Où étiez - vous ? – Sur
Monnier-Marc_Un-detraque_<Mariannine une célébrité médicale-1523>_30389,endroit ? – Ce sont mes affaires . – Vous
Monnier-Marc_Un-detraque_<Mariannine une célébrité médicale-1523>_30393,sont mes affaires . – Vous voyez bien que vous
Monnier-Marc_Un-detraque_<Mariannine une célébrité médicale-1523>_30397,– Vous voyez bien que vous n' y étiez pas
Monnier-Marc_Un-detraque_<Mariannine une célébrité médicale-1523>_30407,. C' est lui qui vous a fait un mensonge
Monnier-Marc_Un-detraque_<Mariannine une célébrité médicale-1523>_30426,espion ! – Quand je te dis que j' y
Monnier-Marc_Un-detraque_<Mariannine une célébrité médicale-1523>_30436,étais … – Quand je vous dis que vous n'
Monnier-Marc_Un-detraque_<Mariannine une célébrité médicale-1523>_30439,Quand je vous dis que vous n' y étiez pas
Monnier-Marc_Un-detraque_<Mariannine une célébrité médicale-1523>_30470,"plus sur la sortie de Mariannine , mais , ce"
Monnier-Marc_Un-detraque_<Mariannine une célébrité médicale-1523>_30481,"était beaucoup plus avantageux pour elle , sur la présence"
Monnier-Marc_Un-detraque_<Mariannine une célébrité médicale-1523>_30523,"il , comment le sais - tu ? – Et"
Monnier-Marc_Un-detraque_<Mariannine une célébrité médicale-1523>_30537,", pour qui les prenez - vous ? – Les"
Monnier-Marc_Un-detraque_<Mariannine une célébrité médicale-1523>_30554,place de la Charité . Tu vois bien que tu
Monnier-Marc_Un-detraque_<Mariannine une célébrité médicale-1523>_30558,. Tu vois bien que tu te dénonces . Mariannine
Monnier-Marc_Un-detraque_<Mariannine une célébrité médicale-1523>_30562,que tu te dénonces . Mariannine se mordit les lèvres
Monnier-Marc_Un-detraque_<Mariannine une célébrité médicale-1523>_30574,"bientôt relevée , ce fut elle qui croisa ses bras"
Monnier-Marc_Un-detraque_<Mariannine une célébrité médicale-1523>_30575,"relevée , ce fut elle qui croisa ses bras avec"
Monnier-Marc_Un-detraque_<Mariannine une célébrité médicale-1523>_30577,ce fut elle qui croisa ses bras avec un air
Monnier-Marc_Un-detraque_<Mariannine une célébrité médicale-1523>_30606,- ce une vie que je mène ? Toujours enfermée
Monnier-Marc_Un-detraque_<Mariannine une célébrité médicale-1523>_30620,"tricoter , à filer . Vous ne me traitez pas"
Monnier-Marc_Un-detraque_<Mariannine une célébrité médicale-1523>_30622,à filer . Vous ne me traitez pas comme votre
Monnier-Marc_Un-detraque_<Mariannine une célébrité médicale-1523>_30626,ne me traitez pas comme votre femme . Je suis
Monnier-Marc_Un-detraque_<Mariannine une célébrité médicale-1523>_30629,pas comme votre femme . Je suis une lavandière que
Monnier-Marc_Un-detraque_<Mariannine une célébrité médicale-1523>_30638,que vous avez prise chez vous après l' avoir menée
Monnier-Marc_Un-detraque_<Mariannine une célébrité médicale-1523>_30657,"serait pas venue autrement . Vous me cachez , comme"
Monnier-Marc_Un-detraque_<Mariannine une célébrité médicale-1523>_30658,"pas venue autrement . Vous me cachez , comme si"
Monnier-Marc_Un-detraque_<Mariannine une célébrité médicale-1523>_30663,"me cachez , comme si je vous faisais honte ."
Monnier-Marc_Un-detraque_<Mariannine une célébrité médicale-1523>_30664,"cachez , comme si je vous faisais honte . Vous"
Monnier-Marc_Un-detraque_<Mariannine une célébrité médicale-1523>_30668,"je vous faisais honte . Vous avez des amis ,"
Monnier-Marc_Un-detraque_<Mariannine une célébrité médicale-1523>_30676,"amis , leurs femmes ne me voient pas . Vous"
Monnier-Marc_Un-detraque_<Mariannine une célébrité médicale-1523>_30680,ne me voient pas . Vous êtes toujours en voiture
Monnier-Marc_Un-detraque_<Mariannine une célébrité médicale-1523>_30688,"en voiture , jamais avec moi ; pas un plaisir"
Monnier-Marc_Un-detraque_<Mariannine une célébrité médicale-1523>_30710,une soirée au théâtre . Vous m' avez donné des
Monnier-Marc_Un-detraque_<Mariannine une célébrité médicale-1523>_30711,soirée au théâtre . Vous m' avez donné des bijoux
Monnier-Marc_Un-detraque_<Mariannine une célébrité médicale-1523>_30728,"tiroir . Les autres , je le sais , vont"
Monnier-Marc_Un-detraque_<Mariannine une célébrité médicale-1523>_30758,"Florentins . Eh bien ! moi , je veux faire"
Monnier-Marc_Un-detraque_<Mariannine une célébrité médicale-1523>_30760,"Eh bien ! moi , je veux faire comme les"
Monnier-Marc_Un-detraque_<Mariannine une célébrité médicale-1523>_30769,"les autres ! Et si vous dites non , je"
Monnier-Marc_Un-detraque_<Mariannine une célébrité médicale-1523>_30773,"si vous dites non , je m' en vais ."
Monnier-Marc_Un-detraque_<Mariannine une célébrité médicale-1523>_30790,"larmes : – Ah ! pauvre Mariannine , pourquoi ne"
Monnier-Marc_Un-detraque_<Mariannine une célébrité médicale-1523>_30791,": – Ah ! pauvre Mariannine , pourquoi ne t'"
Monnier-Marc_Un-detraque_<Mariannine une célébrité médicale-1523>_30795,"pauvre Mariannine , pourquoi ne t' a - t -"
Monnier-Marc_Un-detraque_<Mariannine une célébrité médicale-1523>_30804,- on pas laissée où tu étais ? Tu aurais
Monnier-Marc_Un-detraque_<Mariannine une célébrité médicale-1523>_30807,laissée où tu étais ? Tu aurais épousé un brave
Monnier-Marc_Un-detraque_<Mariannine une célébrité médicale-1523>_30820,"simple , mais fait pour toi , tout cœur et"
Monnier-Marc_Un-detraque_<Mariannine une célébrité médicale-1523>_30827,tout cœur et jeune . Vous auriez vécu en famille
Monnier-Marc_Un-detraque_<Mariannine une célébrité médicale-1523>_30834,vécu en famille . Si tu avais eu un enfant
Monnier-Marc_Un-detraque_<Mariannine une célébrité médicale-1523>_30842,"un enfant , on ne te l' aurait pas arraché"
Monnier-Marc_Un-detraque_<Mariannine une célébrité médicale-1523>_30856,donner à des étrangères . Ma fille au moins connaîtrait
Monnier-Marc_Un-detraque_<Mariannine une célébrité médicale-1523>_30882,ce qu' il faut pour me mépriser . Quand je
Monnier-Marc_Un-detraque_<Mariannine une célébrité médicale-1523>_30886,"pour me mépriser . Quand je vais la voir ,"
Monnier-Marc_Un-detraque_<Mariannine une célébrité médicale-1523>_30892,"vais la voir , elle me dit madame , et"
Monnier-Marc_Un-detraque_<Mariannine une célébrité médicale-1523>_30894,"voir , elle me dit madame , et il faut"
Monnier-Marc_Un-detraque_<Mariannine une célébrité médicale-1523>_30908,reprenne pour lui enseigner qui je suis . Nous serions
Monnier-Marc_Un-detraque_<Mariannine une célébrité médicale-1523>_30915,". Nous serions là , toi près de moi ,"
Monnier-Marc_Un-detraque_<Mariannine une célébrité médicale-1523>_30918,"là , toi près de moi , moi près de"
Monnier-Marc_Un-detraque_<Mariannine une célébrité médicale-1523>_30920,"toi près de moi , moi près de toi ,"
Monnier-Marc_Un-detraque_<Mariannine une célébrité médicale-1523>_30923,"moi , moi près de toi , et je ne"
Monnier-Marc_Un-detraque_<Mariannine une célébrité médicale-1523>_30926,"près de toi , et je ne pourrais songer à"
Monnier-Marc_Un-detraque_<Mariannine une célébrité médicale-1523>_30943,l' enfant la mène . Je ne te dirais que
Monnier-Marc_Un-detraque_<Mariannine une célébrité médicale-1523>_30945,la mène . Je ne te dirais que de bonnes
Monnier-Marc_Un-detraque_<Mariannine une célébrité médicale-1523>_30955,"choses ; les autres , je ne les saurais même"
Monnier-Marc_Un-detraque_<Mariannine une célébrité médicale-1523>_30963,saurais même pas . Qui me les a donc apprises
Monnier-Marc_Un-detraque_<Mariannine une célébrité médicale-1523>_30985,qui ne veut pas que je sorte . Il me
Monnier-Marc_Un-detraque_<Mariannine une célébrité médicale-1523>_30989,que je sorte . Il me dit que toutes les
Monnier-Marc_Un-detraque_<Mariannine une célébrité médicale-1523>_31077,"– est - ce que je les montre , moi"
Monnier-Marc_Un-detraque_<Mariannine une célébrité médicale-1523>_31081,"que je les montre , moi ? – c' est"
Monnier-Marc_Un-detraque_<Mariannine une célébrité médicale-1523>_31104,– est - ce que je fais rien de pareil
Monnier-Marc_Un-detraque_<Mariannine une célébrité médicale-1523>_31126,le jour . C' est moi . Pourquoi ? Est
Monnier-Marc_Un-detraque_<Mariannine une célébrité médicale-1523>_31134,? Est - ce que je ne suis pas de
Monnier-Marc_Un-detraque_<Mariannine une célébrité médicale-1523>_31160,et carême rien que pour moi ? Toutes se gobergent
Monnier-Marc_Un-detraque_<Mariannine une célébrité médicale-1523>_31185,diableries de l' enfer et je ne peux pas même
Monnier-Marc_Un-detraque_<Mariannine une célébrité médicale-1523>_31224,"vie - là , vous m' entendez , je ne"
Monnier-Marc_Un-detraque_<Mariannine une célébrité médicale-1523>_31227,", vous m' entendez , je ne la veux plus"
Monnier-Marc_Un-detraque_<Mariannine une célébrité médicale-1523>_31229,"m' entendez , je ne la veux plus . Non"
Monnier-Marc_Un-detraque_<Mariannine une célébrité médicale-1523>_31242,"non ! Cela dit , elle entra dans sa chambre"
Monnier-Marc_Un-detraque_<Mariannine une célébrité médicale-1523>_31245,"dit , elle entra dans sa chambre dont elle ferma"
Monnier-Marc_Un-detraque_<Mariannine une célébrité médicale-1523>_31248,entra dans sa chambre dont elle ferma la porte à
Monnier-Marc_Un-detraque_<Mariannine une célébrité médicale-1523>_31262,", muet de stupeur , l' entendit crier , sangloter"
Monnier-Marc_Un-detraque_<Mariannine une célébrité médicale-1523>_31273,"casser des meubles . Il lui ordonna d' ouvrir ,"
Monnier-Marc_Un-detraque_<Mariannine une célébrité médicale-1523>_31278,"lui ordonna d' ouvrir , elle ne répondit pas ."
Monnier-Marc_Un-detraque_<Mariannine une célébrité médicale-1523>_31286,"pas . Alors , pour la calmer , il baissa"
Monnier-Marc_Un-detraque_<l' un-4209>_79426,"un instant , fort embarrassés l' un en face de"
Monnier-Marc_Un-detraque_<l' un-4209>_79431,l' un en face de l' autre ; Francisquiel se
Monnier-Marc_Un-detraque_<l' un-4209>_79485,"du silence de Francisquiel , il murmura sotto voce ,"
Monnier-Marc_Un-detraque_<l' un-4209>_79491,"murmura sotto voce , car il ne voulait pas qu'"
Monnier-Marc_Un-detraque_<l' un-4209>_79497,ne voulait pas qu' on l' entendît de la rampe
Monnier-Marc_Un-detraque_<l' un-4209>_79505,la rampe : – Parleras - tu à la fin
Monnier-Marc_Un-detraque_<l' un-4209>_79522,dire . – Que fais - tu ici ? –
Monnier-Marc_Un-detraque_<l' un-4209>_79530,? – Qu' y faites - vous vous - même
Monnier-Marc_Un-detraque_<l' un-4209>_79532,Qu' y faites - vous vous - même ? –
Monnier-Marc_Un-detraque_<l' un-4209>_79537,vous - même ? – Je suis chez moi .
Monnier-Marc_Un-detraque_<l' un-4209>_79540,? – Je suis chez moi . – Qui le
Monnier-Marc_Un-detraque_<l' un-4209>_79566,fille . . . . Vous savez toute mon histoire
Monnier-Marc_Un-detraque_<l' un-4209>_79569,. . Vous savez toute mon histoire avec elle ;
Monnier-Marc_Un-detraque_<l' un-4209>_79574,mon histoire avec elle ; je ne vous avais caché
Monnier-Marc_Un-detraque_<l' un-4209>_79576,avec elle ; je ne vous avais caché qu' une
Monnier-Marc_Un-detraque_<l' un-4209>_79586,"chose , son nom . Je l' appelais Térésine ."
Monnier-Marc_Un-detraque_<l' un-4209>_79602,– C' est elle . Vous m' avez dit :
Monnier-Marc_Un-detraque_<l' un-4209>_79603,C' est elle . Vous m' avez dit : Va
Monnier-Marc_Un-detraque_<l' un-4209>_79607,Vous m' avez dit : Va de l' avant !
Monnier-Marc_Un-detraque_<l' un-4209>_79614,l' avant ! C' est vous qui m' avez conseillé
Monnier-Marc_Un-detraque_<l' un-4209>_79616,! C' est vous qui m' avez conseillé de l'
Monnier-Marc_Un-detraque_<l' un-4209>_79629,un mur . C' est vous qui m' avez poussé
Monnier-Marc_Un-detraque_<l' un-4209>_79631,. C' est vous qui m' avez poussé à l'
Monnier-Marc_Un-detraque_<l' un-4209>_79638,poussé à l' église où je l' ai suivie :
Monnier-Marc_Un-detraque_<l' un-4209>_79645,ai suivie : c' est vous qui m' avez fait
Monnier-Marc_Un-detraque_<l' un-4209>_79647,: c' est vous qui m' avez fait reprendre mon
Monnier-Marc_Un-detraque_<l' un-4209>_79651,qui m' avez fait reprendre mon habit d' ânier pour
Monnier-Marc_Un-detraque_<l' un-4209>_79663,aux Camaldules . C' est vous qui m' avez fait
Monnier-Marc_Un-detraque_<l' un-4209>_79665,. C' est vous qui m' avez fait acheter une
Monnier-Marc_Un-detraque_<l' un-4209>_79681,"dans le pensionnat . Si je vous avais écouté ,"
Monnier-Marc_Un-detraque_<l' un-4209>_79682,"le pensionnat . Si je vous avais écouté , elle"
Monnier-Marc_Un-detraque_<l' un-4209>_79698,"elle serait depuis longtemps chez moi , nous ferions du"
Monnier-Marc_Un-detraque_<l' un-4209>_79707,du naturalisme . De quoi vous plaignez - vous ?
Monnier-Marc_Un-detraque_<l' un-4209>_79709,. De quoi vous plaignez - vous ? Quel droit
Monnier-Marc_Un-detraque_<l' un-4209>_79715,vous ? Quel droit avez - vous sur elle ?
Monnier-Marc_Un-detraque_<l' un-4209>_79720,- vous sur elle ? Je vous ai vu un
Monnier-Marc_Un-detraque_<l' un-4209>_79721,vous sur elle ? Je vous ai vu un jour
Monnier-Marc_Un-detraque_<l' un-4209>_79731,l' embrasser au pensionnat ; j' ai couru à la
Monnier-Marc_Un-detraque_<l' un-4209>_79738,"couru à la porte pour vous tuer , je l'"
Monnier-Marc_Un-detraque_<l' un-4209>_79741,"porte pour vous tuer , je l' aimais . Vous"
Monnier-Marc_Un-detraque_<l' un-4209>_79745,", je l' aimais . Vous m' avez dit :"
Monnier-Marc_Un-detraque_<l' un-4209>_79746,je l' aimais . Vous m' avez dit : «
Monnier-Marc_Un-detraque_<l' un-4209>_79753,dit : « C' est ma nièce . » Depuis
Monnier-Marc_Un-detraque_<l' un-4209>_79759,nièce . » Depuis lors je n' avais plus qu'
Monnier-Marc_Un-detraque_<l' un-4209>_79772,"tête : la revoir , me faire aimer d' elle"
Monnier-Marc_Un-detraque_<l' un-4209>_79778,faire aimer d' elle et vous demander sa main .
Monnier-Marc_Un-detraque_<l' un-4209>_79784,demander sa main . Mais vous mentiez : ce n'
Monnier-Marc_Un-detraque_<l' un-4209>_79795,pas votre nièce . Que vous est - elle donc
Monnier-Marc_Un-detraque_<l' un-4209>_79801,est - elle donc ? Je n' en sais rien
Monnier-Marc_Un-detraque_<l' un-4209>_79807,"n' en sais rien , je m' y perds ,"
Monnier-Marc_Un-detraque_<l' un-4209>_79812,"je m' y perds , j' étouffe . Vous l'"
Monnier-Marc_Un-detraque_<l' un-4209>_79815,"perds , j' étouffe . Vous l' avez enlevée du"
Monnier-Marc_Un-detraque_<l' un-4209>_79830,", secrètement , clandestinement : vous vous cachez toujours ."
Monnier-Marc_Un-detraque_<l' un-4209>_79850,. Et c' est à moi que vous demandez des
Monnier-Marc_Un-detraque_<l' un-4209>_79852,c' est à moi que vous demandez des explications ?
Monnier-Marc_Un-detraque_<l' un-4209>_79859,des explications ? C' est vous qui devez m' en
Monnier-Marc_Un-detraque_<l' un-4209>_79860,explications ? C' est vous qui devez m' en donner
Monnier-Marc_Un-detraque_<l' un-4209>_79862,C' est vous qui devez m' en donner . Parlerez
Monnier-Marc_Un-detraque_<l' un-4209>_79867,m' en donner . Parlerez - vous à la fin
Monnier-Marc_Un-detraque_<l' un-4209>_79894,ce flux de paroles : il ne le dit pas
Monnier-Marc_Un-detraque_<l' un-4209>_79903,pas cependant . Ce qu' il venait d' entendre l'
Monnier-Marc_Un-detraque_<l' un-4209>_79907,"qu' il venait d' entendre l' étourdissait , lui roulait"
Monnier-Marc_Un-detraque_<l' un-4209>_79910,"d' entendre l' étourdissait , lui roulait dans la tête"
Monnier-Marc_Un-detraque_<l' un-4209>_79925,". En quelques secondes , il se rappela plus de"
Monnier-Marc_Un-detraque_<l' un-4209>_79932,"rappela plus de choses , remua plus d' impressions qu'"
Monnier-Marc_Un-detraque_<l' un-4209>_79937,remua plus d' impressions qu' il n' en eût pu
Monnier-Marc_Un-detraque_<l' un-4209>_79950,toute la nuit . S' il s' était senti capable
Monnier-Marc_Un-detraque_<l' un-4209>_79963,"cela un peu nettement , il se fût dit sans"
Monnier-Marc_Un-detraque_<l' un-4209>_79971,dit sans doute : – J' ai voulu me servir
Monnier-Marc_Un-detraque_<l' un-4209>_79996,"sur un enfant , et il s' est trouvé ,"
Monnier-Marc_Un-detraque_<l' un-4209>_80003,"est trouvé , grâce à mes cachotteries , que cette"
Monnier-Marc_Un-detraque_<l' un-4209>_80018,cette enfant était Romaine ! Francisquiel répéta sa question plus
Monnier-Marc_Un-detraque_<l' un-4209>_80020,était Romaine ! Francisquiel répéta sa question plus vivement en
Monnier-Marc_Un-detraque_<l' un-4209>_80029,en secouant le bras de don Ruf . – Je
Monnier-Marc_Un-detraque_<l' un-4209>_80033,de don Ruf . – Je ne sors pas d'
Monnier-Marc_Un-detraque_<l' un-4209>_80040,sors pas d' ici que vous ne m' ayez répondu
Monnier-Marc_Un-detraque_<l' un-4209>_80042,d' ici que vous ne m' ayez répondu . Qui
Monnier-Marc_Un-detraque_<l' un-4209>_80119,"secours de son ami , qui répétait éperdument : –"
Monnier-Marc_Un-detraque_<l' un-4209>_80128,"– Elle n' est pas votre nièce , qui est"
Monnier-Marc_Un-detraque_<l' un-4209>_80158,je suis sa fille . Francisquiel parut atterré ; don
Monnier-Marc_Un-detraque_<l' un-4209>_80162,. Francisquiel parut atterré ; don Ruf roula des yeux
Monnier-Marc_Un-detraque_<l' un-4209>_80178,en ! cria - t - il à Romaine .
Monnier-Marc_Un-detraque_<l' un-4209>_80205,nouveau silence . La colère du jeune homme s' était
Monnier-Marc_Un-detraque_<l' un-4209>_80214,était changée en remords : il s' en voulait de
Monnier-Marc_Un-detraque_<l' un-4209>_80223,de l' odieux soupçon qui lui avait traversé la tête
Monnier-Marc_Un-detraque_<l' un-4209>_80229,avait traversé la tête ; il se repentait aussi d'
Monnier-Marc_Un-detraque_<l' un-4209>_80236,repentait aussi d' avoir insulté don Ruf . – Pardonnez
Monnier-Marc_Un-detraque_<l' un-4209>_80241,"don Ruf . – Pardonnez - moi , murmura -"
Monnier-Marc_Un-detraque_<l' un-4209>_80247,"moi , murmura - t - il très doucement ,"
Monnier-Marc_Un-detraque_<l' un-4209>_80253,"il très doucement , mais vous auriez dû me le"
Monnier-Marc_Un-detraque_<l' un-4209>_80256,", mais vous auriez dû me le dire . Je"
Monnier-Marc_Un-detraque_<l' un-4209>_80260,dû me le dire . Je suis venu ici pour
Monnier-Marc_Un-detraque_<l' un-4209>_80268,"ici pour me promener , j' ai pris ce chemin"
Monnier-Marc_Un-detraque_<l' un-4209>_80274,ai pris ce chemin comme j' en aurais pris un
Monnier-Marc_Un-detraque_<l' un-4209>_80281,"aurais pris un autre , je l' ai aperçue par"
Monnier-Marc_Un-detraque_<l' un-4209>_80291,"hasard sur la terrasse , je ne lui ai pas"
Monnier-Marc_Un-detraque_<l' un-4209>_80305,"pût la faire rougir , je n' ai même pas"
Monnier-Marc_Un-detraque_<l' un-4209>_80312,"ai même pas touché , j' en jure Dieu ,"
Monnier-Marc_Un-detraque_<l' un-4209>_80320,"Dieu , sa main que je vous demande . Donnez"
Monnier-Marc_Un-detraque_<l' un-4209>_80321,", sa main que je vous demande . Donnez -"
Monnier-Marc_Un-detraque_<l' un-4209>_80324,que je vous demande . Donnez - la moi et
Monnier-Marc_Un-detraque_<l' un-4209>_80329,Donnez - la moi et vous serez heureux avec nous
Monnier-Marc_Un-detraque_<l' un-4209>_80340,"– Non , dit formellement don Ruf ravi de reprendre"
Monnier-Marc_Un-detraque_<l' un-4209>_80352,. – Pourquoi ? – Je n' ai pas de
Monnier-Marc_Un-detraque_<l' un-4209>_80359,"ai pas de raison à vous donner . Sortez ,"
Monnier-Marc_Un-detraque_<l' un-4209>_80362,"raison à vous donner . Sortez , monsieur ! Francisquiel"
Monnier-Marc_Un-detraque_<l' un-4209>_80364,"vous donner . Sortez , monsieur ! Francisquiel , fou"
Monnier-Marc_Un-detraque_<l' un-4209>_80366,". Sortez , monsieur ! Francisquiel , fou de désespoir"
Monnier-Marc_Un-detraque_<l' un-4209>_80381,de la terrasse . Mais don Ruf avait gagné des
Monnier-Marc_Un-detraque_<l' un-4209>_80399,et du mont Solaro . Il prit le jeune homme
Monnier-Marc_Un-detraque_<l' un-4209>_80401,mont Solaro . Il prit le jeune homme à bras
Monnier-Marc_Un-detraque_<l' un-4209>_80409,à bras le corps et le porta jusque dans le
Monnier-Marc_Un-detraque_<l' un-4209>_80410,bras le corps et le porta jusque dans le salon
Monnier-Marc_Un-detraque_<l' un-4209>_80416,jusque dans le salon où il lui dit : –
Monnier-Marc_Un-detraque_<l' un-4209>_80417,dans le salon où il lui dit : – Voyons
Monnier-Marc_Un-detraque_<l' un-4209>_80423,"dit : – Voyons , Francisquiel , pas de romantisme"
Monnier-Marc_Un-detraque_<l' un-4209>_80440,"de quoi se tuer , mon pauvre enfant . Je"
Monnier-Marc_Un-detraque_<l' un-4209>_80444,", mon pauvre enfant . Je veux tout oublier ,"
Monnier-Marc_Un-detraque_<l' un-4209>_80451,"tout oublier , mais promets - moi de t' en"
Monnier-Marc_Un-detraque_<l' un-4209>_80454,mais promets - moi de t' en aller par le
Monnier-Marc_Un-detraque_<l' un-4209>_80473,". Demain matin , promène - toi sur le port"
Monnier-Marc_Un-detraque_<l' un-4209>_80479,"toi sur le port , j' irai te rejoindre ."
Monnier-Marc_Un-detraque_<l' un-4209>_80481,"le port , j' irai te rejoindre . Sur quoi"
Monnier-Marc_Un-detraque_<l' un-4209>_80486,te rejoindre . Sur quoi il le conduisit jusqu' à
Monnier-Marc_Un-detraque_<l' un-4209>_80487,rejoindre . Sur quoi il le conduisit jusqu' à la
Monnier-Marc_Un-detraque_<l' un-4209>_80494,jusqu' à la porte qu' il ferma d' abord à
Monnier-Marc_Un-detraque_<l' un-4209>_80503,"à double tour , puis il tira le verrou et"
Monnier-Marc_Un-detraque_<l' un-4209>_80508,il tira le verrou et se demanda s' il gronderait
Monnier-Marc_Un-detraque_<l' un-4209>_80511,verrou et se demanda s' il gronderait Romaine . Ce
Monnier-Marc_Un-detraque_<l' un-4209>_80513,se demanda s' il gronderait Romaine . Ce qui le
Monnier-Marc_Un-detraque_<l' un-4209>_80517,gronderait Romaine . Ce qui le décida bien vite à
Monnier-Marc_Un-detraque_<l' un-4209>_80555,"arrivée à une autre , il n' eût pas douté"
Monnier-Marc_Un-detraque_<l' un-4209>_80568,se fussent passées comme dans ses romans . Mais c'
Monnier-Marc_Un-detraque_<l' un-4209>_80572,dans ses romans . Mais c' était sa fille .
Monnier-Marc_Un-detraque_<l' un-4209>_80574,romans . Mais c' était sa fille . Ayant toutefois
Monnier-Marc_Un-detraque_<l' un-4209>_80586,"de colère à écouler , il appela Rose , mais"
Monnier-Marc_Un-detraque_<l' un-4209>_80626,"avoir appelée plusieurs fois , don Ruf but un grand"
Monnier-Marc_Un-detraque_<l' un-4209>_80640,", tombant de sommeil , se traîna jusqu' à son"
Monnier-Marc_Un-detraque_<l' un-4209>_80644,", se traîna jusqu' à son lit ; il oublia"
Monnier-Marc_Un-detraque_<l' un-4209>_80647,jusqu' à son lit ; il oublia de monter sa
Monnier-Marc_Un-detraque_<l' un-4209>_80651,; il oublia de monter sa montre . Dès qu'
Monnier-Marc_Un-detraque_<l' un-4209>_80657,"montre . Dès qu' elle l' entendit dormir , Romaine"
Monnier-Marc_Un-detraque_<l' un-4209>_80661,"elle l' entendit dormir , Romaine chaussée de petites pantoufles"
Monnier-Marc_Un-detraque_<l' un-4209>_80680,la terrasse : quelque chose lui disait que Francisquiel devait
Monnier-Marc_Un-detraque_<l' un-4209>_80690,être sur le chemin . Elle tenait à la main
Monnier-Marc_Un-detraque_<l' un-4209>_80762,ombre de la rampe . Romaine se penchant sur le
Monnier-Marc_Un-detraque_<l' un-4209>_80773,", mit un doigt sur sa bouche et le panier"
Monnier-Marc_Un-detraque_<Francisquiel-2963>_56555,"rencontra encore le regard de Francisquiel , doux cette fois"
Monnier-Marc_Un-detraque_<Francisquiel-2963>_56623,Eh bien ! je venais vous dire que je suis
Monnier-Marc_Un-detraque_<Francisquiel-2963>_56634,à entrer en religion . Francisquiel fit un mouvement qui
Monnier-Marc_Un-detraque_<Francisquiel-2963>_56649,conte imaginé par don Ruf lui était revenu à l'
Monnier-Marc_Un-detraque_<Francisquiel-2963>_56656,revenu à l' esprit et il le croyait vrai comme
Monnier-Marc_Un-detraque_<Francisquiel-2963>_56678,l' âge de Juliette – il l' avait sentie la
Monnier-Marc_Un-detraque_<Francisquiel-2963>_56692,"vieille église , frissonner sous son regard ; un moment"
Monnier-Marc_Un-detraque_<Francisquiel-2963>_56709,"pour la seconde fois , il avait cru qu' elle"
Monnier-Marc_Un-detraque_<Francisquiel-2963>_56763,volonté de sa mère . Francisquiel dut se retenir aux
Monnier-Marc_Un-detraque_<Francisquiel-2963>_56773,branches des citronniers : il lui semblait que le sol
Monnier-Marc_Un-detraque_<Francisquiel-2963>_56781,le sol s' effondrait sous lui . Au bruit qu'
Monnier-Marc_Un-detraque_<Francisquiel-2963>_56834,": – Marchons , voulez - vous ? les citronniers"
Monnier-Marc_Un-detraque_<Francisquiel-2963>_56853,pauvre enfant ! Marchons si tu veux . Francisquiel n'
Monnier-Marc_Un-detraque_<Francisquiel-2963>_56856,Marchons si tu veux . Francisquiel n' entendit plus rien
Monnier-Marc_Un-detraque_<Francisquiel-2963>_56881,", échangeaient des confidences qui lui auraient plu . –"
Monnier-Marc_Un-detraque_<Francisquiel-2963>_56886,lui auraient plu . – Tu veux entrer en religion
Monnier-Marc_Un-detraque_<Francisquiel-2963>_56908,nous devrons nous quitter . Ton père m' a fait
Monnier-Marc_Un-detraque_<Francisquiel-2963>_56920,personne ici ne tâcherait de t' enlever au monde .
Monnier-Marc_Un-detraque_<Francisquiel-2963>_56926,enlever au monde . Si tu persistais dans ton idée
Monnier-Marc_Un-detraque_<Francisquiel-2963>_56929,". Si tu persistais dans ton idée , je devrais"
Monnier-Marc_Un-detraque_<Francisquiel-2963>_56939,l' en prévenir et il te reprendrait chez lui .
Monnier-Marc_Un-detraque_<Francisquiel-2963>_56944,te reprendrait chez lui . Romaine tressaillit . L' idée
Monnier-Marc_Un-detraque_<Francisquiel-2963>_56952,L' idée de passer toute sa vie auprès de cet
Monnier-Marc_Un-detraque_<Francisquiel-2963>_56956,toute sa vie auprès de cet inconnu qu' elle aimait
Monnier-Marc_Un-detraque_<Francisquiel-2963>_56958,"vie auprès de cet inconnu qu' elle aimait bien ,"
Monnier-Marc_Un-detraque_<Francisquiel-2963>_56959,"auprès de cet inconnu qu' elle aimait bien , mais"
Monnier-Marc_Un-detraque_<Francisquiel-2963>_56970,"temps à autre , et qui sentait le tabac ,"
Monnier-Marc_Un-detraque_<Francisquiel-2963>_56975,"qui sentait le tabac , lui faisait peur . –"
Monnier-Marc_Un-detraque_<Francisquiel-2963>_56984,"– D' ailleurs , es - tu vraiment décidée ?"
Monnier-Marc_Un-detraque_<Francisquiel-2963>_56989,- tu vraiment décidée ? Tu n' as pas encore
Monnier-Marc_Un-detraque_<Francisquiel-2963>_57000,"le temps de réfléchir , tu es trop jeune ."
Monnier-Marc_Un-detraque_<Francisquiel-2963>_57032,est la première fois que tu m' en parles .
Monnier-Marc_Un-detraque_<Francisquiel-2963>_57037,tu m' en parles . Tu remplis bien tes devoirs
Monnier-Marc_Un-detraque_<Francisquiel-2963>_57040,"parles . Tu remplis bien tes devoirs , tu vas"
Monnier-Marc_Un-detraque_<Francisquiel-2963>_57043,"remplis bien tes devoirs , tu vas à la messe"
Monnier-Marc_Un-detraque_<Francisquiel-2963>_57049,vas à la messe et tu aimes la musique .
Monnier-Marc_Un-detraque_<Francisquiel-2963>_57055,aimes la musique . Mais tu n' as montré encore
Monnier-Marc_Un-detraque_<Francisquiel-2963>_57083,"toute à Dieu . – Je voudrais vous ressembler ,"
Monnier-Marc_Un-detraque_<Francisquiel-2963>_57089,"voudrais vous ressembler , dit Romaine . – Tu ne"
Monnier-Marc_Un-detraque_<Francisquiel-2963>_57092,", dit Romaine . – Tu ne me ressembleras jamais"
Monnier-Marc_Un-detraque_<Francisquiel-2963>_57102,", ma pauvre enfant . Tu aimes trop la lecture"
Monnier-Marc_Un-detraque_<Francisquiel-2963>_57111,"lecture . Moi , vois - tu , je suis"
Monnier-Marc_Un-detraque_<Francisquiel-2963>_57114,", vois - tu , je suis une campagnarde ,"
Monnier-Marc_Un-detraque_<Francisquiel-2963>_57134,"s' y ennuyait beaucoup . Mon père , un gentilhomme"
Monnier-Marc_Un-detraque_<Francisquiel-2963>_57142,"un gentilhomme pauvre , ne m' avait rien appris ;"
Monnier-Marc_Un-detraque_<Francisquiel-2963>_57147,m' avait rien appris ; ma plus grande joie était
Monnier-Marc_Un-detraque_<Francisquiel-2963>_57183,trop lourdes pour nous . J' allais aussi au raisin
Monnier-Marc_Un-detraque_<Francisquiel-2963>_57195,vigneronnes . Mais quoi ! me mettre à la terre
Monnier-Marc_Un-detraque_<Francisquiel-2963>_57202,"à la terre ? Jamais mon père , qui pouvait"
Monnier-Marc_Un-detraque_<Francisquiel-2963>_57211,"pouvait placer un de devant mon nom , n' aurait"
Monnier-Marc_Un-detraque_<Francisquiel-2963>_57222,. Il ne restait pour moi que le mariage ou
Monnier-Marc_Un-detraque_<Francisquiel-2963>_57240,"bourdonner au château parce que j' étais , disait -"
Monnier-Marc_Un-detraque_<Francisquiel-2963>_57257,… – Et aucun ne vous a plu ? –
Monnier-Marc_Un-detraque_<Francisquiel-2963>_57283,". Puis , me vois - tu en belle dame"
Monnier-Marc_Un-detraque_<Francisquiel-2963>_57313,sottises avec des sots ? J' ai choisi le couvent
Monnier-Marc_Un-detraque_<Francisquiel-2963>_57333,quelque chose à faire . J' y suis à merveille
Monnier-Marc_Un-detraque_<Francisquiel-2963>_57340,"suis à merveille , et je me porte bien ."
Monnier-Marc_Un-detraque_<Francisquiel-2963>_57346,"me porte bien . Mais toi , je te l'"
Monnier-Marc_Un-detraque_<Francisquiel-2963>_57349,". Mais toi , je te l' ai dit ,"
Monnier-Marc_Un-detraque_<Francisquiel-2963>_57354,"te l' ai dit , tu aimes trop les livres"
Monnier-Marc_Un-detraque_<Francisquiel-2963>_57367,plus de vingt sœurs qui te ressemblent : elles regardent
Monnier-Marc_Un-detraque_<Francisquiel-2963>_57396,nous par la fenêtre . Je veux dire qu' elles
Monnier-Marc_Un-detraque_<Francisquiel-2963>_57416,; il leur a fallu je ne sais quoi d'
Monnier-Marc_Un-detraque_<Francisquiel-2963>_57432,"étourdissement , une amourette … Romaine rougit jusqu' au blanc"
Monnier-Marc_Un-detraque_<Francisquiel-2963>_57441,"blanc des yeux . – Toi - même , dit"
Monnier-Marc_Un-detraque_<Francisquiel-2963>_57489,", hein ? Ah ! tu sais , j' ai"
Monnier-Marc_Un-detraque_<Francisquiel-2963>_57503,"tête . Voyons , conte - moi ça gaiement ,"
Monnier-Marc_Un-detraque_<Francisquiel-2963>_57520,a pas de mal . Romaine fit sa confidence à
Monnier-Marc_Un-detraque_<Francisquiel-2963>_57522,de mal . Romaine fit sa confidence à fond sans
Monnier-Marc_Un-detraque_<Francisquiel-2963>_57547,. Cette histoire amusa beaucoup la Bourguignonne qui la trouva
Monnier-Marc_Un-detraque_<Francisquiel-2963>_57549,"histoire amusa beaucoup la Bourguignonne qui la trouva bête ,"
Monnier-Marc_Un-detraque_<Francisquiel-2963>_57564,"là , d' ailleurs . Elle ne le dit pas"
Monnier-Marc_Un-detraque_<Francisquiel-2963>_57571,le dit pas cependant et se garda bien de rire
Monnier-Marc_Un-detraque_<Francisquiel-2963>_57583,fort bien ( c' était sa manière de voir )
Monnier-Marc_Un-detraque_<Francisquiel-2963>_57612,rien de les froisser . Elle résuma ainsi ses impressions
Monnier-Marc_Un-detraque_<Francisquiel-2963>_57615,froisser . Elle résuma ainsi ses impressions : – Il
Monnier-Marc_Un-detraque_<Francisquiel-2963>_57634,"nonne … Mais aussi , toi , ne te monte"
Monnier-Marc_Un-detraque_<Francisquiel-2963>_57637,"aussi , toi , ne te monte pas la tête"
Monnier-Marc_Un-detraque_<Francisquiel-2963>_57643,"monte pas la tête , enfant . Tu ne connais"
Monnier-Marc_Un-detraque_<Francisquiel-2963>_57645,"la tête , enfant . Tu ne connais pas ce"
Monnier-Marc_Un-detraque_<Francisquiel-2963>_57654,"ce garçon ; ce que tu sais , c' est"
Monnier-Marc_Un-detraque_<Francisquiel-2963>_57682,bon mari . S' il t' a vue un matin
Monnier-Marc_Un-detraque_<Francisquiel-2963>_57694,"mieux pour lui , car tu es bonne à voir"
Monnier-Marc_Un-detraque_<Francisquiel-2963>_57706,il ne paraît pas que tu aies fait sur lui
Monnier-Marc_Un-detraque_<Francisquiel-2963>_57728,terrasse à l' heure où tu y étais . Ce
Monnier-Marc_Un-detraque_<Francisquiel-2963>_57738,n' est donc pas pour toi qu' il est allé
Monnier-Marc_Un-detraque_<Francisquiel-2963>_57747,allé à l' église . Ton seul tort est d'
Monnier-Marc_Un-detraque_<Francisquiel-2963>_57756,"d' avoir cru qu' il te regardait , péché de"
Monnier-Marc_Un-detraque_<Francisquiel-2963>_57764,péché de vanité ; je te pardonne pour cette fois
Monnier-Marc_Un-detraque_<Francisquiel-2963>_57779,"plus . Sur ce , embrasse - moi , et"
Monnier-Marc_Un-detraque_<Francisquiel-2963>_57798,d' accord ! se dit Francisquiel en voyant le baiser
Monnier-Marc_Un-detraque_<Francisquiel-2963>_57804,"en voyant le baiser , elle sera donc religieuse ."
Monnier-Marc_Un-detraque_<Francisquiel-2963>_57822,… La première idée qui lui vint fut d' aller
Monnier-Marc_Un-detraque_<Francisquiel-2963>_57866,Ne sachant que faire de son temps et à qui
Monnier-Marc_Un-detraque_<Francisquiel-2963>_57872,"temps et à qui confier son ennui , Francisquiel retourna"
Monnier-Marc_Un-detraque_<Francisquiel-2963>_57875,"qui confier son ennui , Francisquiel retourna à l' église"
Monnier-Marc_Un-detraque_<Francisquiel-2963>_57881,retourna à l' église où il avait vu Romaine .
Monnier-Marc_Un-detraque_<Francisquiel-2963>_57886,il avait vu Romaine . Il s' assit sur un
Monnier-Marc_Un-detraque_<Francisquiel-2963>_57907,"et , le menton sur sa poitrine , resta immobile"
Monnier-Marc_Un-detraque_<Francisquiel-2963>_57910,"menton sur sa poitrine , resta immobile jusqu' au soir"
Monnier-Marc_Un-detraque_<Francisquiel-2963>_57920,". Quand un sacristain vint le réveiller , on allait"
Monnier-Marc_Un-detraque_<Francisquiel-2963>_57929,allait fermer l' église . Il se réjouit alors de
Monnier-Marc_Un-detraque_<Francisquiel-2963>_57968,"… – Alors , pensa Francisquiel , on aurait tout"
Monnier-Marc_Un-detraque_<Francisquiel-2963>_57978,découvert sans doute et surpris ma cachette . Ah !
Monnier-Marc_Un-detraque_<Francisquiel-2963>_57985,". Ah ! malheureux que je suis , je rougissais"
Monnier-Marc_Un-detraque_<Francisquiel-2963>_57988,"malheureux que je suis , je rougissais du métier de"
Monnier-Marc_Un-detraque_<Francisquiel-2963>_57993,je rougissais du métier de mon père . Et moi
Monnier-Marc_Un-detraque_<Francisquiel-2963>_57997,"de mon père . Et moi - même , sans"
Monnier-Marc_Un-detraque_<Francisquiel-2963>_58013,"de tort à personne , j' espionnais ! Il se"
Monnier-Marc_Un-detraque_<Francisquiel-2963>_58016,"personne , j' espionnais ! Il se coucha plein de"
Monnier-Marc_Un-detraque_<Francisquiel-2963>_58027,et de chagrin et ne put s' endormir qu' à
Monnier-Marc_Un-detraque_<Francisquiel-2963>_58039,". En se réveillant , il se sentit le ventre"
Monnier-Marc_Un-detraque_<Francisquiel-2963>_58046,sentit le ventre creux et courut à la masserie où
Monnier-Marc_Un-detraque_<Francisquiel-2963>_58057,déjà les pommes vertes . Il s' était promis de
Monnier-Marc_Un-detraque_<Francisquiel-2963>_58071,"la brèche , mais quand il eut déjeuné – un"
Monnier-Marc_Un-detraque_<Francisquiel-2963>_58085,"un peu nos résolutions – il y alla , pour"
Monnier-Marc_Un-detraque_<Francisquiel-2963>_58095,"regarder seulement , jurant à sa conscience qu' il n'"
Monnier-Marc_Un-detraque_<Francisquiel-2963>_58098,jurant à sa conscience qu' il n' écouterait plus .
Monnier-Marc_Un-detraque_<Francisquiel-2963>_58103,"il n' écouterait plus . Il ne vit rien ,"
Monnier-Marc_Un-detraque_<Francisquiel-2963>_58109,"ne vit rien , Romaine lui faisait faux - bond"
Monnier-Marc_Un-detraque_<Francisquiel-2963>_58115,"faisait faux - bond , il arrivait trop tard ,"
Monnier-Marc_Un-detraque_<Francisquiel-2963>_58152,"C' était un jeudi . Francisquiel , très inquiet ,"
Monnier-Marc_Un-detraque_<Francisquiel-2963>_58218,les citronniers l' écoutaient ? Pauvre Francisquiel ! Tous les
Monnier-Marc_Un-detraque_<Francisquiel-2963>_58224,Francisquiel ! Tous les dimanches il allait passer la matinée
Monnier-Marc_Un-detraque_<Francisquiel-2963>_58241,"face du pensionnat , et il lisait le Pungolo avec"
Monnier-Marc_Un-detraque_<Francisquiel-2963>_58265,Les pratiques du frater admiraient sa parfaite courtoisie . Il
Monnier-Marc_Un-detraque_<Francisquiel-2963>_58269,admiraient sa parfaite courtoisie . Il cédait son tour le
Monnier-Marc_Un-detraque_<Francisquiel-2963>_58271,parfaite courtoisie . Il cédait son tour le plus galamment
Monnier-Marc_Un-detraque_<Francisquiel-2963>_58291,tenaient point à passer avant lui sous le rasoir …
Monnier-Marc_Un-detraque_<Francisquiel-2963>_58302,"Après ces messieurs , disait - il toujours , quand"
Monnier-Marc_Un-detraque_<Francisquiel-2963>_58308,"il toujours , quand on lui présentait la serviette et"
Monnier-Marc_Un-detraque_<Francisquiel-2963>_58316,serviette et la cuvette . Il ne se laissait savonner
Monnier-Marc_Un-detraque_<Francisquiel-2963>_58328,"qu' après midi , quand il entendait sonner , dans"
Monnier-Marc_Un-detraque_<Francisquiel-2963>_58351,"voir sortir les élèves , il poussait un profond soupir"
Monnier-Marc_Un-detraque_<Francisquiel-2963>_58361,"et le Pungolo , qu' il avait assez lu ,"
Monnier-Marc_Un-detraque_<Francisquiel-2963>_58366,"il avait assez lu , lui tombait des mains ."
Monnier-Marc_Un-detraque_<du bel ânier-1235>_22253,"que de coutume , suivi du bel ânier qui marchait"
Monnier-Marc_Un-detraque_<du bel ânier-1235>_22256,", suivi du bel ânier qui marchait si bien ."
Monnier-Marc_Un-detraque_<du bel ânier-1235>_22299,Qui est Francisquiel ? – C' est ce gamin qui
Monnier-Marc_Un-detraque_<du bel ânier-1235>_22301,Francisquiel ? – C' est ce gamin qui conduisait hier
Monnier-Marc_Un-detraque_<du bel ânier-1235>_22303,– C' est ce gamin qui conduisait hier ton amoureux
Monnier-Marc_Un-detraque_<du bel ânier-1235>_22309,conduisait hier ton amoureux . Il n' a pas encore
Monnier-Marc_Un-detraque_<du bel ânier-1235>_22316,"a pas encore passé , le bel homme ? –"
Monnier-Marc_Un-detraque_<du bel ânier-1235>_22325,– Vous pensez encore à lui ? – On ne
Monnier-Marc_Un-detraque_<du bel ânier-1235>_22337,penser aux voleurs . Je l' ai attendu plus d'
Monnier-Marc_Un-detraque_<du bel ânier-1235>_22355,"la Charité . Si je l' avais vu , je"
Monnier-Marc_Un-detraque_<du bel ânier-1235>_22360,"l' avais vu , je lui aurais cassé la tête"
Monnier-Marc_Un-detraque_<du bel ânier-1235>_22373,- ce que vous connaissez ce Francisquiel ? – Ma
Monnier-Marc_Un-detraque_<du bel ânier-1235>_22383,"foi , non ; mais l' âne est bon et"
Monnier-Marc_Un-detraque_<du bel ânier-1235>_22388,l' âne est bon et le garçon me plaît .
Monnier-Marc_Un-detraque_<du bel ânier-1235>_22394,garçon me plaît . Je le prendrai tous les jours
Monnier-Marc_Un-detraque_<du bel ânier-1235>_22447,ramenait volontiers la conversation sur Francisquiel . – Regarde -
Monnier-Marc_Un-detraque_<du bel ânier-1235>_22451,"sur Francisquiel . – Regarde - le bien demain ,"
Monnier-Marc_Un-detraque_<du bel ânier-1235>_22474,". En effet , elle le regarda bien , et"
Monnier-Marc_Un-detraque_<du bel ânier-1235>_22509,Eh bien ! quel âge lui donnes - tu ?
Monnier-Marc_Un-detraque_<du bel ânier-1235>_22528,- et - un – Il n' en a que
Monnier-Marc_Un-detraque_<du bel ânier-1235>_22536,a que seize . – Pauvre fils ! dit Marianne
Monnier-Marc_Un-detraque_<du bel ânier-1235>_22560,"qui par ce premier de Francisquiel . – Décidément ,"
Monnier-Marc_Un-detraque_<du bel ânier-1235>_22565,"Francisquiel . – Décidément , ce garçon me plaît ,"
Monnier-Marc_Un-detraque_<du bel ânier-1235>_22574,", reprit - il lentement c' est un romantique ."
Monnier-Marc_Un-detraque_<du bel ânier-1235>_22576,- il lentement c' est un romantique . – Est
Monnier-Marc_Un-detraque_<du bel ânier-1235>_22584,– Est - ce qu' il s' occupe de ces
Monnier-Marc_Un-detraque_<du bel ânier-1235>_22672,. J' ai fait causer le petit homme qui me
Monnier-Marc_Un-detraque_<du bel ânier-1235>_22675,fait causer le petit homme qui me va tout à
Monnier-Marc_Un-detraque_<du bel ânier-1235>_22687,"As - tu remarqué que sa chemise , son caleçon"
Monnier-Marc_Un-detraque_<du bel ânier-1235>_22690,"remarqué que sa chemise , son caleçon , même ses"
Monnier-Marc_Un-detraque_<du bel ânier-1235>_22694,", son caleçon , même ses mains , même son"
Monnier-Marc_Un-detraque_<du bel ânier-1235>_22698,"même ses mains , même son âne , sont toujours"
Monnier-Marc_Un-detraque_<du bel ânier-1235>_22708,propres ? – Je ne l' ai pas tant regardé
Monnier-Marc_Un-detraque_<du bel ânier-1235>_22746,"Ruf , c' est qu' il est d' assez bonne"
Monnier-Marc_Un-detraque_<du bel ânier-1235>_22753,"d' assez bonne famille . Son père , homme très"
Monnier-Marc_Un-detraque_<du bel ânier-1235>_22822,donc fait son chemin et le fils a été tenu
Monnier-Marc_Un-detraque_<du bel ânier-1235>_22845,à Gaëte . – Et il mène les ânes à
Monnier-Marc_Un-detraque_<du bel ânier-1235>_22879,"avec son argent , et l' enfant qui dans la"
Monnier-Marc_Un-detraque_<du bel ânier-1235>_22881,"argent , et l' enfant qui dans la fuite eût"
Monnier-Marc_Un-detraque_<du bel ânier-1235>_22968,commençait à se détacher de Francisquiel . – L' enfant
Monnier-Marc_Un-detraque_<du bel ânier-1235>_22971,détacher de Francisquiel . – L' enfant fut mis à
Monnier-Marc_Un-detraque_<du bel ânier-1235>_22988,des potins partout ; on le dénonça un jour à
Monnier-Marc_Un-detraque_<du bel ânier-1235>_22993,le dénonça un jour à ses camarades comme fils et
Monnier-Marc_Un-detraque_<du bel ânier-1235>_23006,. Aussitôt tout le monde lui fit les cornes .
Monnier-Marc_Un-detraque_<du bel ânier-1235>_23012,fit les cornes . – Pauvre petit ! soupira Mariannine
Monnier-Marc_Un-detraque_<du bel ânier-1235>_23019,! soupira Mariannine qui voyait l' enfant roué de coups
Monnier-Marc_Un-detraque_<du bel ânier-1235>_23032,sais - tu ce qu' il fit ? Il se
Monnier-Marc_Un-detraque_<du bel ânier-1235>_23035,ce qu' il fit ? Il se sauva de l'
Monnier-Marc_Un-detraque_<du bel ânier-1235>_23043,de l' école et ne voulut pas rentrer chez son
Monnier-Marc_Un-detraque_<du bel ânier-1235>_23047,ne voulut pas rentrer chez son oncle . On le
Monnier-Marc_Un-detraque_<du bel ânier-1235>_23051,chez son oncle . On le chercha pendant quelque temps
Monnier-Marc_Un-detraque_<du bel ânier-1235>_23064,beaucoup de soin : on l' aurait déniché dans une
Monnier-Marc_Un-detraque_<du bel ânier-1235>_23073,une grotte de Pizzofalcone où il avait élu domicile .
Monnier-Marc_Un-detraque_<du bel ânier-1235>_23089,"ne tenait pas essentiellement à le retrouver , vu que"
Monnier-Marc_Un-detraque_<du bel ânier-1235>_23121,") , le patrimoine de Francisquiel . Voilà , conclut"
Monnier-Marc_Un-detraque_<du bel ânier-1235>_23138,le romantisme . – Et Francisquiel ? demanda Mariannine .
Monnier-Marc_Un-detraque_<du bel ânier-1235>_23144,? demanda Mariannine . – Francisquiel avait eu probablement pour
Monnier-Marc_Un-detraque_<du bel ânier-1235>_23259,fume dévotement . – Et Francisquiel ? répéta Mariannine .
Monnier-Marc_Un-detraque_<du bel ânier-1235>_23265,? répéta Mariannine . – Francisquiel ne voulut plus manger
Monnier-Marc_Un-detraque_<du bel ânier-1235>_23287,ce assez hors nature ? Il disait répétant un de
Monnier-Marc_Un-detraque_<du bel ânier-1235>_23300,hébêtent les nations : Et il se tira d' affaire
Monnier-Marc_Un-detraque_<du bel ânier-1235>_23306,"se tira d' affaire comme il put , vendant d'"
Monnier-Marc_Un-detraque_<du bel ânier-1235>_23312,"put , vendant d' abord ses habits et ses cheveux"
Monnier-Marc_Un-detraque_<du bel ânier-1235>_23315,d' abord ses habits et ses cheveux qu' on n'
Monnier-Marc_Un-detraque_<du bel ânier-1235>_23324,n' avait jamais coupés ; il n' a gardé qu'
Monnier-Marc_Un-detraque_<du bel ânier-1235>_23334,une bague en argent qu' il tient de sa mère
Monnier-Marc_Un-detraque_<du bel ânier-1235>_23337,"argent qu' il tient de sa mère , et il"
Monnier-Marc_Un-detraque_<du bel ânier-1235>_23341,"de sa mère , et il la porte encore ."
Monnier-Marc_Un-detraque_<du bel ânier-1235>_23348,porte encore . Après quoi il se mit à marcher
Monnier-Marc_Un-detraque_<du bel ânier-1235>_23441,- monnaie . Après quoi il alla se promener à
Monnier-Marc_Un-detraque_<du bel ânier-1235>_23456,"Cumes , où grattant avec ses ongles , il trouvait"
Monnier-Marc_Un-detraque_<du bel ânier-1235>_23459,"grattant avec ses ongles , il trouvait des morceaux de"
Monnier-Marc_Un-detraque_<du bel ânier-1235>_23499,petit doigt . Les antiquaires lui donnaient de l' argent
Monnier-Marc_Un-detraque_<du bel ânier-1235>_23505,donnaient de l' argent qu' il mettait à la Caisse
Monnier-Marc_Un-detraque_<du bel ânier-1235>_23531,"et le lac Lucrin , il déterra un de ces"
Monnier-Marc_Un-detraque_<du bel ânier-1235>_23548,", même à moi ; il était assis sur une"
Monnier-Marc_Un-detraque_<du bel ânier-1235>_23558,touffe d' herbe brûlée et contemplait sa trouvaille avec admiration
Monnier-Marc_Un-detraque_<du bel ânier-1235>_23559,"d' herbe brûlée et contemplait sa trouvaille avec admiration ,"
Monnier-Marc_Un-detraque_<du bel ânier-1235>_23580,fit arrêter sa voilure et lui demanda ce qu' il
Monnier-Marc_Un-detraque_<du bel ânier-1235>_23584,et lui demanda ce qu' il tenait là . Francisquiel
Monnier-Marc_Un-detraque_<du bel ânier-1235>_23588,qu' il tenait là . Francisquiel apporta le vase .
Monnier-Marc_Un-detraque_<du bel ânier-1235>_23597,. – « En veux - tu mille livres ?
Monnier-Marc_Un-detraque_<du bel ânier-1235>_23613,"est trop » , répondit Francisquiel . Tous les mêmes"
Monnier-Marc_Un-detraque_<du bel ânier-1235>_23642,naïvement : – Ah ! le brave cœur ! –
Monnier-Marc_Un-detraque_<du bel ânier-1235>_23649,cœur ! – Ah ! la grosse bête ! riposta
Monnier-Marc_Un-detraque_<du bel ânier-1235>_23713,adorable . Il fit monter Francisquiel sur le siège de
Monnier-Marc_Un-detraque_<du bel ânier-1235>_23721,siège de la voiture et le conduisit à sa banque
Monnier-Marc_Un-detraque_<du bel ânier-1235>_23740,caissier ahuri de remettre à l' enfant deux mille francs
Monnier-Marc_Un-detraque_<du bel ânier-1235>_23788,. – Et que dit Francisquiel ? demanda Mariannine .
Monnier-Marc_Un-detraque_<du bel ânier-1235>_23794,? demanda Mariannine . – Il mit les deux mille
Monnier-Marc_Un-detraque_<du bel ânier-1235>_23811,épargne . Seulement le banquier lui avait dit : Mon
Monnier-Marc_Un-detraque_<du bel ânier-1235>_23818,"dit : Mon garçon , tu n' as pas bonne"
Monnier-Marc_Un-detraque_<du bel ânier-1235>_23829,. Combien d' années as - tu ? – J'
Monnier-Marc_Un-detraque_<du bel ânier-1235>_23833,as - tu ? – J' en ai douze .
Monnier-Marc_Un-detraque_<du bel ânier-1235>_23839,en ai douze . – Tu es trop grand pour
Monnier-Marc_Un-detraque_<du bel ânier-1235>_23844,Tu es trop grand pour ton âge et tu marches
Monnier-Marc_Un-detraque_<du bel ânier-1235>_23847,grand pour ton âge et tu marches courbé en deux
Monnier-Marc_Un-detraque_<du bel ânier-1235>_23856,"deux . Ce métier ne te vaut rien , puis"
Monnier-Marc_Un-detraque_<du bel ânier-1235>_23920,air est bon . Là tu feras le pêcheur et
Monnier-Marc_Un-detraque_<du bel ânier-1235>_23929,et le barcarol . » Francisquiel alla passer l' été
Monnier-Marc_Un-detraque_<du bel ânier-1235>_23938,"été à Sorrente , où il fit le pêcheur et"
Monnier-Marc_Un-detraque_<du bel ânier-1235>_24001,la chrétienté . – Et Francisquiel ? demanda Mariannine .
Monnier-Marc_Un-detraque_<du bel ânier-1235>_24007,"? demanda Mariannine . – Francisquiel revint à Naples ,"
Monnier-Marc_Un-detraque_<du bel ânier-1235>_24013,"revint à Naples , où il acheta un âne ,"
Monnier-Marc_Un-detraque_<du bel ânier-1235>_24019,"acheta un âne , et il y est resté depuis"
Monnier-Marc_Un-detraque_<du bel ânier-1235>_24027,resté depuis quatre ans . Singulier garçon qui a du
Monnier-Marc_Un-detraque_<du bel ânier-1235>_24029,quatre ans . Singulier garçon qui a du feu dans
Monnier-Marc_Un-detraque_<du bel ânier-1235>_24039,"le sang , mais ne sait rien du monde ;"
Monnier-Marc_Un-detraque_<du bel ânier-1235>_24047,monde ; je cause avec lui tous les jours et
Monnier-Marc_Un-detraque_<du bel ânier-1235>_24054,les jours et je veux l' éclairer . Il se
Monnier-Marc_Un-detraque_<du bel ânier-1235>_24057,je veux l' éclairer . Il se figure qu' il
Monnier-Marc_Un-detraque_<du bel ânier-1235>_24061,. Il se figure qu' il n' y a sur
Monnier-Marc_Un-detraque_<du bel ânier-1235>_24072,que des honnêtes gens et se laisse gagner par tous
Monnier-Marc_Un-detraque_<du bel ânier-1235>_24077,se laisse gagner par tous ses camarades . Tout à
Monnier-Marc_Un-detraque_<du bel ânier-1235>_24086,"à l' heure encore , il a donné à un"
Monnier-Marc_Un-detraque_<du bel ânier-1235>_24096,vieux mendiant plus riche que lui une poignée de gros
Monnier-Marc_Un-detraque_<du bel ânier-1235>_24113,. Croirais - tu qu' il ne regarde pas les
Monnier-Marc_Un-detraque_<du bel ânier-1235>_24132,". – Je voudrais bien le voir de près ,"
Monnier-Marc_Un-detraque_<du bel ânier-1235>_24193,– Ah ! tu veux le voir ? Ah !
Monnier-Marc_Un-detraque_<du bel ânier-1235>_24200,? Ah ! tu veux le voir ? répéta -
Monnier-Marc_Un-detraque_<du bel ânier-1235>_24248,"- il , tu ne le verras pas ! A"
Monnier-Marc_Un-detraque_<l' ennemi-3565>_67720,", c' était fait : l' ennemi entrait dans la"
Monnier-Marc_Un-detraque_<l' ennemi-3565>_67734,", de sa fenêtre , l' avait vu descendre et"
Monnier-Marc_Un-detraque_<l' ennemi-3565>_67753,se sentit rassurée que lorsqu' il eût touché terre ;
Monnier-Marc_Un-detraque_<l' ennemi-3565>_67765,"ce ne fut plus pour lui , ce fut plutôt"
Monnier-Marc_Un-detraque_<l' ennemi-3565>_67804,"je lui dis , elle le chassera et ce sera"
Monnier-Marc_Un-detraque_<l' ennemi-3565>_67842,"timidement . – Mère , il est là … vous"
Monnier-Marc_Un-detraque_<l' ennemi-3565>_67849,là … vous savez ? celui de l' église …
Monnier-Marc_Un-detraque_<l' ennemi-3565>_67856,"l' église … – Et celui d' hier , dit"
Monnier-Marc_Un-detraque_<l' ennemi-3565>_67868,qui voyait tout . – Il est venu au jardin
Monnier-Marc_Un-detraque_<l' ennemi-3565>_67888,le dire . Je vais lui parler … – Ne
Monnier-Marc_Un-detraque_<l' ennemi-3565>_67893,"lui parler … – Ne le grondez pas , au"
Monnier-Marc_Un-detraque_<l' ennemi-3565>_67925,ce qui allait arriver . L' inconnu avait d' abord
Monnier-Marc_Un-detraque_<l' ennemi-3565>_67937,échelle afin qu' on ne la vît pas du chemin
Monnier-Marc_Un-detraque_<l' ennemi-3565>_67947,; c' était hardi de sa part : il rendait
Monnier-Marc_Un-detraque_<l' ennemi-3565>_67950,hardi de sa part : il rendait la retraite difficile
Monnier-Marc_Un-detraque_<l' ennemi-3565>_67958,"retraite difficile . Puis , il était allé se cacher"
Monnier-Marc_Un-detraque_<l' ennemi-3565>_67971,de camélias plus haut que lui . La mère l'
Monnier-Marc_Un-detraque_<l' ennemi-3565>_67975,que lui . La mère l' y surprit du premier
Monnier-Marc_Un-detraque_<l' ennemi-3565>_67982,surprit du premier regard et l' aborda franchement . Il
Monnier-Marc_Un-detraque_<l' ennemi-3565>_67986,et l' aborda franchement . Il s' était bien promis
Monnier-Marc_Un-detraque_<l' ennemi-3565>_67999,la première question qu' on lui adresserait : – J'
Monnier-Marc_Un-detraque_<l' ennemi-3565>_68003,on lui adresserait : – J' expérimente … Mais la
Monnier-Marc_Un-detraque_<l' ennemi-3565>_68010,… Mais la mère ne lui permit pas de s'
Monnier-Marc_Un-detraque_<l' ennemi-3565>_68019,s' exprimer ainsi . Elle lui demanda carrément : –
Monnier-Marc_Un-detraque_<l' ennemi-3565>_68026,carrément : – Que voulez - vous de Romaine ?
Monnier-Marc_Un-detraque_<l' ennemi-3565>_68032,vous de Romaine ? – Je ne venais pas pour
Monnier-Marc_Un-detraque_<l' ennemi-3565>_68040,pas pour elle … balbutia le pauvre garçon … Je
Monnier-Marc_Un-detraque_<l' ennemi-3565>_68044,balbutia le pauvre garçon … Je venais pour … pour
Monnier-Marc_Un-detraque_<l' ennemi-3565>_68052,"… pour voler !!! reprit - il résolument , la"
Monnier-Marc_Un-detraque_<l' ennemi-3565>_68065,"Oui , pour voler ; je suis un voleur ."
Monnier-Marc_Un-detraque_<l' ennemi-3565>_68067,pour voler ; je suis un voleur . Faites -
Monnier-Marc_Un-detraque_<l' ennemi-3565>_68071,suis un voleur . Faites - moi arrêter . La
Monnier-Marc_Un-detraque_<l' ennemi-3565>_68084,un éclat de rire ; Francisquiel ne put se tenir
Monnier-Marc_Un-detraque_<l' ennemi-3565>_68125,d' un bon naturel . Vous aimez mieux aller en
Monnier-Marc_Un-detraque_<l' ennemi-3565>_68168,"furent assis , elle et lui , sur le parapet"
Monnier-Marc_Un-detraque_<l' ennemi-3565>_68178,", elle reprit : – Vous êtes descendu de là"
Monnier-Marc_Un-detraque_<l' ennemi-3565>_68202,", qui m' inquiétait . Vous guettiez par là ,"
Monnier-Marc_Un-detraque_<l' ennemi-3565>_68207,"Vous guettiez par là , jeune homme ; je n'"
Monnier-Marc_Un-detraque_<l' ennemi-3565>_68219,"ça , mais passons . Vous avez un jour descendu"
Monnier-Marc_Un-detraque_<l' ennemi-3565>_68235,âne . Plus tard on vous a vu à l'
Monnier-Marc_Un-detraque_<l' ennemi-3565>_68250,"eh ! mais , je vous reconnais , malgré votre"
Monnier-Marc_Un-detraque_<l' ennemi-3565>_68254,"je vous reconnais , malgré votre moustache . C' est"
Monnier-Marc_Un-detraque_<l' ennemi-3565>_68259,"votre moustache . C' est vous qui , certain jour"
Monnier-Marc_Un-detraque_<l' ennemi-3565>_68277,comprends la mauvaise humeur où vous étiez : vous auriez
Monnier-Marc_Un-detraque_<l' ennemi-3565>_68280,humeur où vous étiez : vous auriez voulu mener Romaine
Monnier-Marc_Un-detraque_<l' ennemi-3565>_68291,"Enfin , hier , on vous a rencontré dans la"
Monnier-Marc_Un-detraque_<l' ennemi-3565>_68303,"Ah çà ! qui êtes - vous ? Francisquiel ,"
Monnier-Marc_Un-detraque_<l' ennemi-3565>_68306,"qui êtes - vous ? Francisquiel , gagné par cette"
Monnier-Marc_Un-detraque_<l' ennemi-3565>_68314,"par cette franchise , raconta son histoire , ou à"
Monnier-Marc_Un-detraque_<l' ennemi-3565>_68323,"à peu près , car il dut glisser sur certains"
Monnier-Marc_Un-detraque_<l' ennemi-3565>_68336,"exemple , en parlant de son père , il le"
Monnier-Marc_Un-detraque_<l' ennemi-3565>_68339,"parlant de son père , il le qualifiait d' employé"
Monnier-Marc_Un-detraque_<l' ennemi-3565>_68353,", en disant cela , il rougissait beaucoup ; il"
Monnier-Marc_Un-detraque_<l' ennemi-3565>_68377,pas à rougir . – Il ne dit pas tout
Monnier-Marc_Un-detraque_<l' ennemi-3565>_68390,"Bourguignonne . En revanche , il ne cacha pas ses"
Monnier-Marc_Un-detraque_<l' ennemi-3565>_68394,", il ne cacha pas ses années de travail et"
Monnier-Marc_Un-detraque_<l' ennemi-3565>_68402,travail et de misère et parla de Tchitchil en termes
Monnier-Marc_Un-detraque_<l' ennemi-3565>_68435,pris moins de temps . Francisquiel ne parla pas non
Monnier-Marc_Un-detraque_<l' ennemi-3565>_68447,"don Ruf , parce qu' il le croyait oncle de"
Monnier-Marc_Un-detraque_<l' ennemi-3565>_68454,croyait oncle de Romaine et redoutait la netteté de cette
Monnier-Marc_Un-detraque_<l' ennemi-3565>_68465,: – Puisque l' oncle vous est si bien connu
Monnier-Marc_Un-detraque_<l' ennemi-3565>_68475,", pourquoi ne lui avez - vous pas demandé sa"
Monnier-Marc_Un-detraque_<l' ennemi-3565>_68484,sa nièce ? A quoi il aurait dû répondre des
Monnier-Marc_Un-detraque_<l' ennemi-3565>_68491,dû répondre des choses qui lui paraissaient fort embrouillées et
Monnier-Marc_Un-detraque_<l' ennemi-3565>_68508,"taisant sur don Ruf , il n' eut rien à"
Monnier-Marc_Un-detraque_<l' ennemi-3565>_68528,"A part ces omissions , son récit fut assez exact"
Monnier-Marc_Un-detraque_<l' ennemi-3565>_68535,fut assez exact . – Vous êtes donc assez riche
Monnier-Marc_Un-detraque_<l' ennemi-3565>_68543,assez riche pour deux ? lui dit la Bourguignonne ;
Monnier-Marc_Un-detraque_<l' ennemi-3565>_68548,lui dit la Bourguignonne ; vous êtes libre et il
Monnier-Marc_Un-detraque_<l' ennemi-3565>_68556,et il y a chez vous des qualités qui me
Monnier-Marc_Un-detraque_<l' ennemi-3565>_68570,qu' est - ce que vous faites ? – Je
Monnier-Marc_Un-detraque_<l' ennemi-3565>_68574,"que vous faites ? – Je ne fais rien ,"
Monnier-Marc_Un-detraque_<l' ennemi-3565>_68580,"ne fais rien , dit Francisquiel . – Alors ,"
Monnier-Marc_Un-detraque_<l' ennemi-3565>_68594,"songer à Romaine . Pour moi , voyez - vous"
Monnier-Marc_Un-detraque_<l' ennemi-3565>_68597,". Pour moi , voyez - vous , un fainéant"
Monnier-Marc_Un-detraque_<l' ennemi-3565>_68630,dans le mur et promettez - moi de ne plus
Monnier-Marc_Un-detraque_<l' ennemi-3565>_68636,moi de ne plus perdre votre temps sous les citronniers
Monnier-Marc_Un-detraque_<l' ennemi-3565>_68651,"utile aux autres . Quand vous l' aurez trouvée ,"
Monnier-Marc_Un-detraque_<l' ennemi-3565>_68657,"l' aurez trouvée , si je l' approuve , on"
Monnier-Marc_Un-detraque_<l' ennemi-3565>_68658,"aurez trouvée , si je l' approuve , on pourra"
Monnier-Marc_Un-detraque_<l' ennemi-3565>_68665,", on pourra parler pour vous . Mais d' ici"
Monnier-Marc_Un-detraque_<l' ennemi-3565>_68676,ne revenez ici ni pour moi ni pour elle ;
Monnier-Marc_Un-detraque_<l' ennemi-3565>_68681,moi ni pour elle ; je vous défends de faire
Monnier-Marc_Un-detraque_<l' ennemi-3565>_68682,ni pour elle ; je vous défends de faire un
Monnier-Marc_Un-detraque_<l' ennemi-3565>_68708,"C' est entendu , dit le jeune homme en soupirant"
Monnier-Marc_Un-detraque_<l' ennemi-3565>_68716,"en soupirant . Seulement , faites - moi une faveur"
Monnier-Marc_Un-detraque_<l' ennemi-3565>_68717,"soupirant . Seulement , faites - moi une faveur ."
Monnier-Marc_Un-detraque_<l' ennemi-3565>_68723,moi une faveur . Si je me mets à travailler
Monnier-Marc_Un-detraque_<l' ennemi-3565>_68733,", Tchitchil s' ennuiera sans moi : il ne veut"
Monnier-Marc_Un-detraque_<l' ennemi-3565>_68741,ne veut même pas que je lise . Vous avez
Monnier-Marc_Un-detraque_<l' ennemi-3565>_68744,pas que je lise . Vous avez ici une écurie
Monnier-Marc_Un-detraque_<l' ennemi-3565>_68751,"ici une écurie vide , je vous paierai ce qu'"
Monnier-Marc_Un-detraque_<l' ennemi-3565>_68752,"une écurie vide , je vous paierai ce qu' il"
Monnier-Marc_Un-detraque_<l' ennemi-3565>_68763,coûter à nourrir . Il vous servira pour vos courses
Monnier-Marc_Un-detraque_<l' ennemi-3565>_68766,". Il vous servira pour vos courses , pour vos"
Monnier-Marc_Un-detraque_<l' ennemi-3565>_68770,"pour vos courses , pour vos promenades , et ,"
Monnier-Marc_Un-detraque_<l' ennemi-3565>_68779,", en le sentant chez vous , je vivrai plus"
Monnier-Marc_Un-detraque_<l' ennemi-3565>_68781,"le sentant chez vous , je vivrai plus tranquille ;"
Monnier-Marc_Un-detraque_<l' ennemi-3565>_68786,je vivrai plus tranquille ; je suis sûr qu' il
Monnier-Marc_Un-detraque_<l' ennemi-3565>_68799,"battu . – Tiens , tu es un brave garçon"
Monnier-Marc_Un-detraque_<l' ennemi-3565>_68801,"– Tiens , tu es un brave garçon , toi"
Monnier-Marc_Un-detraque_<l' ennemi-3565>_68805,"es un brave garçon , toi , cria la Bourguignonne"
Monnier-Marc_Un-detraque_<l' ennemi-3565>_68808,"garçon , toi , cria la Bourguignonne en lui appliquant"
Monnier-Marc_Un-detraque_<l' ennemi-3565>_68811,", cria la Bourguignonne en lui appliquant sur chaque joue"
Monnier-Marc_Un-detraque_<l' ennemi-3565>_68822,gros baiser de nourrice . Romaine vit cela de sa
Monnier-Marc_Un-detraque_<l' ennemi-3565>_68826,. Romaine vit cela de sa fenêtre et joignit ses
Monnier-Marc_Un-detraque_<l' ennemi-3565>_68829,cela de sa fenêtre et joignit ses petites mains en
Monnier-Marc_Un-detraque_<l' ennemi-3565>_68830,de sa fenêtre et joignit ses petites mains en murmurant
Monnier-Marc_Un-detraque_<l' ennemi-3565>_68859,"- t' en , dit la mère au jeune homme"
Monnier-Marc_Un-detraque_<l' ennemi-3565>_68861,"en , dit la mère au jeune homme , et"
Monnier-Marc_Un-detraque_<l' ennemi-3565>_68873,"porte , au moins . Je te renverrai ton échelle"
Monnier-Marc_Un-detraque_<l' ennemi-3565>_68874,", au moins . Je te renverrai ton échelle ."
Monnier-Marc_Un-detraque_<l' ennemi-3565>_68876,moins . Je te renverrai ton échelle . – Non
Monnier-Marc_Un-detraque_<l' ennemi-3565>_68886,", gardez - la ; je ne m' en servirai"
Monnier-Marc_Un-detraque_<l' ennemi-3565>_68898,"– Eh bien ? demanda Romaine , fort intriguée ,"
Monnier-Marc_Un-detraque_<l' ennemi-3565>_68910,porte se fut refermée sur Francisquiel . – Aime -
Monnier-Marc_Un-detraque_<l' ennemi-3565>_68914,sur Francisquiel . – Aime - le si tu veux
Monnier-Marc_Un-detraque_<l' ennemi-3565>_68917,"– Aime - le si tu veux , c' est"
Monnier-Marc_Un-detraque_<l' ennemi-3565>_68920,"le si tu veux , c' est un brave cœur"
Monnier-Marc_Un-detraque_<l' ennemi-3565>_68922,"tu veux , c' est un brave cœur , répondit"
Monnier-Marc_Un-detraque_<l' ennemi-3565>_68927,"un brave cœur , répondit la mère . Seulement ne"
Monnier-Marc_Un-detraque_<l' ennemi-3565>_68932,la mère . Seulement ne l' aime pas les yeux
Monnier-Marc_Un-detraque_<l' ennemi-3565>_68948,et des rêvasseries . Aime - le gaiement : il
Monnier-Marc_Un-detraque_<l' ennemi-3565>_68966,"est gai . Cependant , don Ruf avait rencontré au"
Monnier-Marc_Un-detraque_<l' ennemi-3565>_69076,pour femme une Capriote . Don Ruf résolut aussitôt d'
Monnier-Marc_Un-detraque_<don Ruf-2542>_48080,hisser leurs clients . Aussi don Ruf n' y voulut
Monnier-Marc_Un-detraque_<don Ruf-2542>_48085,"don Ruf n' y voulut - il jamais aller ,"
Monnier-Marc_Un-detraque_<don Ruf-2542>_48095,car en fait de locomotion il n' était nullement naturaliste
Monnier-Marc_Un-detraque_<don Ruf-2542>_48101,n' était nullement naturaliste . Il estimait que si l'
Monnier-Marc_Un-detraque_<don Ruf-2542>_48125,. Un escalier à monter lui causait une sorte d'
Monnier-Marc_Un-detraque_<don Ruf-2542>_48134,d' effroi ; aussi allait - il peu ou point
Monnier-Marc_Un-detraque_<don Ruf-2542>_48143,point chez les autres . Il donnait des rendez -
Monnier-Marc_Un-detraque_<don Ruf-2542>_48152,- vous au café où il passait quatre heures par
Monnier-Marc_Un-detraque_<don Ruf-2542>_48160,heures par jour et ne buvait qu' un verre d'
Monnier-Marc_Un-detraque_<don Ruf-2542>_48168,verre d' eau . Quand Francisquiel fut installé dans sa
Monnier-Marc_Un-detraque_<don Ruf-2542>_48172,"Quand Francisquiel fut installé dans sa petite maison , sa"
Monnier-Marc_Un-detraque_<don Ruf-2542>_48176,"dans sa petite maison , sa vie s' arrangea toute"
Monnier-Marc_Un-detraque_<don Ruf-2542>_48190,", par vieille habitude , il descendait dans son écurie"
Monnier-Marc_Un-detraque_<don Ruf-2542>_48193,"habitude , il descendait dans son écurie , en manches"
Monnier-Marc_Un-detraque_<don Ruf-2542>_48213,"dans le pré , l' étrillait amicalement ; les deux"
Monnier-Marc_Un-detraque_<don Ruf-2542>_48291,avait des oranges . Puis Francisquiel endossait le costume gris
Monnier-Marc_Un-detraque_<don Ruf-2542>_48297,endossait le costume gris qu' il s' était habitué à
Monnier-Marc_Un-detraque_<don Ruf-2542>_48305,habitué à porter ; seulement il avait substitué des souliers
Monnier-Marc_Un-detraque_<don Ruf-2542>_48329,"soie ; ainsi amendé , son habillement n' était pas"
Monnier-Marc_Un-detraque_<don Ruf-2542>_48338,"pas beau , mais ne le gênait plus . Il"
Monnier-Marc_Un-detraque_<don Ruf-2542>_48342,ne le gênait plus . Il montait alors à poil
Monnier-Marc_Un-detraque_<don Ruf-2542>_48350,à poil sur Tchitchil qui le descendait à la ville
Monnier-Marc_Un-detraque_<don Ruf-2542>_48370,"A deux heures précises , Francisquiel dînait chez le traiteur"
Monnier-Marc_Un-detraque_<don Ruf-2542>_48377,"chez le traiteur , puis il allait au café où"
Monnier-Marc_Un-detraque_<don Ruf-2542>_48382,il allait au café où il trouvait dont Ruf .
Monnier-Marc_Un-detraque_<don Ruf-2542>_48391,". Le naturaliste , qui l' aimait fort , fondait"
Monnier-Marc_Un-detraque_<don Ruf-2542>_48397,"aimait fort , fondait sur lui les plus grandes espérances"
Monnier-Marc_Un-detraque_<don Ruf-2542>_48415,"trop âgé pour expérimenter par lui - même , il"
Monnier-Marc_Un-detraque_<don Ruf-2542>_48429,d' avoir sous la main un jeune homme qui pût
Monnier-Marc_Un-detraque_<don Ruf-2542>_48440,fournir des documents . Aussi le poussait - il toujours
Monnier-Marc_Un-detraque_<don Ruf-2542>_48442,documents . Aussi le poussait - il toujours à provoquer
Monnier-Marc_Un-detraque_<don Ruf-2542>_48450,"à provoquer des expériences . Francisquiel , il faut le"
Monnier-Marc_Un-detraque_<don Ruf-2542>_48470,"plaisir à don Ruf . Il avait , on l'"
Monnier-Marc_Un-detraque_<don Ruf-2542>_48483,bien des qualités ; mais il lui manquait un peu
Monnier-Marc_Un-detraque_<don Ruf-2542>_48484,des qualités ; mais il lui manquait un peu de
Monnier-Marc_Un-detraque_<don Ruf-2542>_48501,"vînt souffler le vent , il y tournait son aile"
Monnier-Marc_Un-detraque_<don Ruf-2542>_48504,"vent , il y tournait son aile , comme le"
Monnier-Marc_Un-detraque_<don Ruf-2542>_48522,"banquier , homme intègre , il prenait feu pour la"
Monnier-Marc_Un-detraque_<don Ruf-2542>_48530,pour la vertu ; s' il eût connu le docteur
Monnier-Marc_Un-detraque_<don Ruf-2542>_48537,"connu le docteur Scharf , il eût cherché l' évolution"
Monnier-Marc_Un-detraque_<don Ruf-2542>_48547,dans les infusoires ; s' il eût connu l' abbé
Monnier-Marc_Un-detraque_<don Ruf-2542>_48554,"connu l' abbé Simplice , il aurait servi la messe"
Monnier-Marc_Un-detraque_<don Ruf-2542>_48564,tous les matins . Mais il ne voyait que don
Monnier-Marc_Un-detraque_<don Ruf-2542>_48577,"de lui s' émoustillait , gonflait ses yeux , happait"
Monnier-Marc_Un-detraque_<don Ruf-2542>_48578,"lui s' émoustillait , gonflait ses yeux , happait mentalement"
Monnier-Marc_Un-detraque_<don Ruf-2542>_48581,", gonflait ses yeux , happait mentalement des pommes vertes"
Monnier-Marc_Un-detraque_<don Ruf-2542>_48596,"quittant Alfred de Musset , il épela d' abord avec"
Monnier-Marc_Un-detraque_<don Ruf-2542>_48605,avec ennui la littérature que lui offrait son guide :
Monnier-Marc_Un-detraque_<don Ruf-2542>_48607,la littérature que lui offrait son guide : il y
Monnier-Marc_Un-detraque_<don Ruf-2542>_48610,lui offrait son guide : il y prit goût pourtant
Monnier-Marc_Un-detraque_<don Ruf-2542>_48630,"chère épicée , tout en le dégoûtant un peu ,"
Monnier-Marc_Un-detraque_<don Ruf-2542>_48635,"le dégoûtant un peu , l' affriolait . Tchitchil eut"
Monnier-Marc_Un-detraque_<don Ruf-2542>_48747,"ses grâces , tourner autour du maître en multipliant ses"
Monnier-Marc_Un-detraque_<don Ruf-2542>_48760,", s' étendre auprès de lui dans le vert et"
Monnier-Marc_Un-detraque_<don Ruf-2542>_48780,"qui étaient penchés dessus , Francisquiel écartait le museau d'"
Monnier-Marc_Un-detraque_<don Ruf-2542>_48794,"jour même , interrompu dans sa lecture au moment où"
Monnier-Marc_Un-detraque_<don Ruf-2542>_48799,"sa lecture au moment où il entrait , avec son"
Monnier-Marc_Un-detraque_<don Ruf-2542>_48803,"où il entrait , avec son auteur , dans un"
Monnier-Marc_Un-detraque_<don Ruf-2542>_48818,"passer des choses . ! il alla s' enfermer ,"
Monnier-Marc_Un-detraque_<don Ruf-2542>_48830,"à la main , dans sa chambre , il en"
Monnier-Marc_Un-detraque_<don Ruf-2542>_48833,", dans sa chambre , il en sortit rouge comme"
Monnier-Marc_Un-detraque_<don Ruf-2542>_48842,"comme du feu . – Maître , dit - il"
Monnier-Marc_Un-detraque_<don Ruf-2542>_48845,". – Maître , dit - il un jour à"
Monnier-Marc_Un-detraque_<don Ruf-2542>_48853,"jour à don Ruf , je crois que je tiens"
Monnier-Marc_Un-detraque_<don Ruf-2542>_48856,"Ruf , je crois que je tiens enfin mon expérience"
Monnier-Marc_Un-detraque_<don Ruf-2542>_48859,crois que je tiens enfin mon expérience . – Enfin
Monnier-Marc_Un-detraque_<don Ruf-2542>_48867,– Enfin ! … Conte - moi ça . (
Monnier-Marc_Un-detraque_<don Ruf-2542>_48901,"Paule . – Y penses - tu , malheureux ?"
Monnier-Marc_Un-detraque_<don Ruf-2542>_48907,"tu , malheureux ? Veux - tu me faire marcher"
Monnier-Marc_Un-detraque_<don Ruf-2542>_48909,malheureux ? Veux - tu me faire marcher jusque -
Monnier-Marc_Un-detraque_<don Ruf-2542>_48950,"ne se peut pas . Francisquiel , on l' a"
Monnier-Marc_Un-detraque_<don Ruf-2542>_48953,"pas . Francisquiel , on l' a vu , quoique"
Monnier-Marc_Un-detraque_<don Ruf-2542>_48978,forcé de marcher auprès de lui trois minutes pour le
Monnier-Marc_Un-detraque_<don Ruf-2542>_48986,pour le moins ; mais il ne put aller plus
Monnier-Marc_Un-detraque_<don Ruf-2542>_49046,Ruf reçut la confidence de Francisquiel . – Je descendais
Monnier-Marc_Un-detraque_<don Ruf-2542>_49049,confidence de Francisquiel . – Je descendais ce matin sur
Monnier-Marc_Un-detraque_<don Ruf-2542>_49060,le sentier qui grimpe chez moi . Vous n' avez
Monnier-Marc_Un-detraque_<don Ruf-2542>_49062,qui grimpe chez moi . Vous n' avez jamais voulu
Monnier-Marc_Un-detraque_<don Ruf-2542>_49070,"jamais voulu y venir , vous ne connaissez pas le"
Monnier-Marc_Un-detraque_<don Ruf-2542>_49113,", descendait au galop ; j' aurais eu peur ,"
Monnier-Marc_Un-detraque_<don Ruf-2542>_49133,n' est jamais tombé sous moi . J' étais allègre
Monnier-Marc_Un-detraque_<don Ruf-2542>_49135,jamais tombé sous moi . J' étais allègre aussi ;
Monnier-Marc_Un-detraque_<don Ruf-2542>_49154,"diable , qui eût emporté mon chapeau , si je"
Monnier-Marc_Un-detraque_<don Ruf-2542>_49158,"emporté mon chapeau , si je ne l' avais pas"
Monnier-Marc_Un-detraque_<don Ruf-2542>_49170,la main . Ce vent m' entrait dans la bouche
Monnier-Marc_Un-detraque_<don Ruf-2542>_49181,et c' était bon ; mes cheveux dansaient sur mon
Monnier-Marc_Un-detraque_<don Ruf-2542>_49185,; mes cheveux dansaient sur mon cou et sur mes
Monnier-Marc_Un-detraque_<don Ruf-2542>_49189,sur mon cou et sur mes joues . Tout à
Monnier-Marc_Un-detraque_<don Ruf-2542>_49275,"tomba d' en haut , je levai la tête et"
Monnier-Marc_Un-detraque_<don Ruf-2542>_49280,je levai la tête et j' entendis au haut d'
Monnier-Marc_Un-detraque_<don Ruf-2542>_49313,. – Grasse ? – Je n' en sais rien
Monnier-Marc_Un-detraque_<don Ruf-2542>_49322,rien . – Comment ! tu n' en sais rien
Monnier-Marc_Un-detraque_<don Ruf-2542>_49338,à regarder . Qu' as - tu fait alors ?
Monnier-Marc_Un-detraque_<don Ruf-2542>_49362,"pas même un licou , je ne pouvais l' arrêter"
Monnier-Marc_Un-detraque_<don Ruf-2542>_49368,ne pouvais l' arrêter ; je sautai bien à terre
Monnier-Marc_Un-detraque_<don Ruf-2542>_49379,mais trop tard ; quand j' eus remonté jusqu' au
Monnier-Marc_Un-detraque_<don Ruf-2542>_49425,coupole . Hé quoi ! tu vois une femme sur
Monnier-Marc_Un-detraque_<don Ruf-2542>_49436,", à première vue , tu as produit une vive"
Monnier-Marc_Un-detraque_<don Ruf-2542>_49454,"et pour qui ? pour toi , malheureux , qui"
Monnier-Marc_Un-detraque_<don Ruf-2542>_49458,"pour toi , malheureux , qui dégringolais au grand galop"
Monnier-Marc_Un-detraque_<don Ruf-2542>_49476,chemin de chèvres . Et tu ne montes pas chez
Monnier-Marc_Un-detraque_<don Ruf-2542>_49484,pas chez elle ; et tu ne lui dis pas
Monnier-Marc_Un-detraque_<don Ruf-2542>_49501,! si c' eût été moi . Si c' eût
Monnier-Marc_Un-detraque_<don Ruf-2542>_49532,trop escarpée pour les jambes du naturaliste . Le lendemain
Monnier-Marc_Un-detraque_<don Ruf-2542>_49564,"Tchitchil , très étonné , le suivait comme un chien"
Monnier-Marc_Un-detraque_<don Ruf-2542>_49605,à don Ruf . – Tu es plus heureux que
Monnier-Marc_Un-detraque_<don Ruf-2542>_49610,"Tu es plus heureux que tu ne le méritais ,"
Monnier-Marc_Un-detraque_<don Ruf-2542>_49638,fait son mari ? As - tu dressé le plan
Monnier-Marc_Un-detraque_<don Ruf-2542>_49657,"Ah ! l' escalier , mon petit , tout est"
Monnier-Marc_Un-detraque_<don Ruf-2542>_49682,"maître de la place . Francisquiel , hélas ! ne"
Monnier-Marc_Un-detraque_<don Ruf-2542>_49694,"de l' escalier , n' avait pas dressé le plan"
Monnier-Marc_Un-detraque_<don Ruf-2542>_49703,"plan de la maison , ignorait même s' il y"
Monnier-Marc_Un-detraque_<don Ruf-2542>_49735,", triple marmotte ! je te défends de revenir ici"
Monnier-Marc_Un-detraque_<don Ruf-2542>_49743,revenir ici sans nouvelles . Tu m' as entendu ?
Monnier-Marc_Un-detraque_<don Ruf-2542>_49748,Tu m' as entendu ? Francisquiel disparut pendant huit jours
Monnier-Marc_Un-detraque_<don Ruf-2542>_49802,fut - il ravi de le revoir . – Eh
Monnier-Marc_Un-detraque_<don Ruf-2542>_49873,"est fini , répondit tristement Francisquiel . – Comment fini"
Monnier-Marc_Un-detraque_<l' ânier-1358>_24464,"fois qu' elle y vit l' ânier , elle lui"
Monnier-Marc_Un-detraque_<l' ânier-1358>_24468,"vit l' ânier , elle lui dit en passant :"
Monnier-Marc_Un-detraque_<l' ânier-1358>_24476,"passant : – Bonjour , Francisquiel . – Salut ,"
Monnier-Marc_Un-detraque_<l' ânier-1358>_24481,"Francisquiel . – Salut , Excellence , répondit le jeune"
Monnier-Marc_Un-detraque_<l' ânier-1358>_24484,"Salut , Excellence , répondit le jeune homme qui ne"
Monnier-Marc_Un-detraque_<l' ânier-1358>_24487,", répondit le jeune homme qui ne la reconnut pas"
Monnier-Marc_Un-detraque_<l' ânier-1358>_24502,"garde à elle , et resta un moment stupéfait ,"
Monnier-Marc_Un-detraque_<l' ânier-1358>_24507,"resta un moment stupéfait , son bonnet à la main"
Monnier-Marc_Un-detraque_<l' ânier-1358>_24518,Huit jours après ( car il ne se tenait pas
Monnier-Marc_Un-detraque_<l' ânier-1358>_24531,"à la même place , il n' y était guère"
Monnier-Marc_Un-detraque_<l' ânier-1358>_24547,") , Mariannine revint et l' abordant sans façon ,"
Monnier-Marc_Un-detraque_<l' ânier-1358>_24552,"l' abordant sans façon , lui demanda de la conduire"
Monnier-Marc_Un-detraque_<l' ânier-1358>_24561,conduire chez elle . – Je n' ai qu' une
Monnier-Marc_Un-detraque_<l' ânier-1358>_24571,"selle d' homme , dit Francisquiel . – Il faut"
Monnier-Marc_Un-detraque_<l' ânier-1358>_24607,". Cette injonction déplut à l' ânier , qui était"
Monnier-Marc_Un-detraque_<l' ânier-1358>_24610,"déplut à l' ânier , qui était très fier et"
Monnier-Marc_Un-detraque_<l' ânier-1358>_24616,était très fier et ne tenait pas à compliquer son
Monnier-Marc_Un-detraque_<l' ânier-1358>_24620,ne tenait pas à compliquer son industrie . Une selle
Monnier-Marc_Un-detraque_<l' ânier-1358>_24631,femme ? Où la mettrait - il ? Et supposé
Monnier-Marc_Un-detraque_<l' ânier-1358>_24643,"un boutiquier voisin voulût la lui garder , il faudrait"
Monnier-Marc_Un-detraque_<l' ânier-1358>_24667,pouvait pas . – Savez - vous ? dit -
Monnier-Marc_Un-detraque_<l' ânier-1358>_24671,Savez - vous ? dit - il une heure après
Monnier-Marc_Un-detraque_<l' ânier-1358>_24691,"venue et qui veut que j' achète , pour elle"
Monnier-Marc_Un-detraque_<l' ânier-1358>_24728,pas seules ) à qui tu as donné dans l'
Monnier-Marc_Un-detraque_<l' ânier-1358>_24740,"Va de l' avant , ta fortune est faite ."
Monnier-Marc_Un-detraque_<l' ânier-1358>_24745,ta fortune est faite . Francisquiel devint rêveur . –
Monnier-Marc_Un-detraque_<l' ânier-1358>_24774,"fût - ce , comme tu l' es , une"
Monnier-Marc_Un-detraque_<l' ânier-1358>_24792,elle jolie au moins ? Francisquiel n' en savait rien
Monnier-Marc_Un-detraque_<l' ânier-1358>_24798,n' en savait rien ; il ne regardait pas les
Monnier-Marc_Un-detraque_<l' ânier-1358>_24809,. – Et la connais - tu ? poursuivit don
Monnier-Marc_Un-detraque_<l' ânier-1358>_24822,Qui la connaît ? répondit Francisquiel . Trois jours après
Monnier-Marc_Un-detraque_<l' ânier-1358>_24843,la Charité . – As - tu acheté une selle
Monnier-Marc_Un-detraque_<l' ânier-1358>_24859,. – Tant pis pour toi . Et Mariannine monta
Monnier-Marc_Un-detraque_<l' ânier-1358>_24871,autre âne . Cette fois il la regarda mieux et
Monnier-Marc_Un-detraque_<l' ânier-1358>_24877,la regarda mieux et la trouva vieille : il est
Monnier-Marc_Un-detraque_<l' ânier-1358>_24970,dix ans de plus que Francisquiel . Elle pensa que
Monnier-Marc_Un-detraque_<l' ânier-1358>_24975,Francisquiel . Elle pensa que le malotru méritait une leçon
Monnier-Marc_Un-detraque_<l' ânier-1358>_25011,cherchait ; le treizième elle lui dit : – Et
Monnier-Marc_Un-detraque_<l' ânier-1358>_25024,"– La selle ? murmura Francisquiel étonné , les yeux"
Monnier-Marc_Un-detraque_<l' ânier-1358>_25070,"Mariannine très fâchée , en lui tournant le dos ."
Monnier-Marc_Un-detraque_<l' ânier-1358>_25075,"lui tournant le dos . Francisquiel faisait la bête ,"
Monnier-Marc_Un-detraque_<l' ânier-1358>_25093,Le même jour don Ruf lui demanda : – As
Monnier-Marc_Un-detraque_<l' ânier-1358>_25098,lui demanda : – As - tu revu ta belle
Monnier-Marc_Un-detraque_<l' ânier-1358>_25101,– As - tu revu ta belle dame ? –
Monnier-Marc_Un-detraque_<l' ânier-1358>_25115,. – Où en êtes - vous ? – Elle
Monnier-Marc_Un-detraque_<l' ânier-1358>_25121,vous ? – Elle ne me plaît pas . Don
Monnier-Marc_Un-detraque_<l' ânier-1358>_25203,l' épaule et en regardant Francisquiel avec un profond mépris
Monnier-Marc_Un-detraque_<l' ânier-1358>_25229,l' inconnue avaient manifesté sur lui la même opinion .
Monnier-Marc_Un-detraque_<l' ânier-1358>_25236,même opinion . La chose lui déplut parce qu' il
Monnier-Marc_Un-detraque_<l' ânier-1358>_25240,chose lui déplut parce qu' il était très fier .
Monnier-Marc_Un-detraque_<l' ânier-1358>_25280,"revenue ? Au commencement , Francisquiel n' y pensait guère"
Monnier-Marc_Un-detraque_<l' ânier-1358>_25294,de don Ruf finit par l' intriguer . Il lui
Monnier-Marc_Un-detraque_<l' ânier-1358>_25297,finit par l' intriguer . Il lui demanda un lundi
Monnier-Marc_Un-detraque_<l' ânier-1358>_25313,que faut - il que je fasse ? – Il
Monnier-Marc_Un-detraque_<l' ânier-1358>_25322,"Il faut , nigaud que tu es , prier un"
Monnier-Marc_Un-detraque_<l' ânier-1358>_25328,"es , prier un de tes compagnons de te prêter"
Monnier-Marc_Un-detraque_<l' ânier-1358>_25331,un de tes compagnons de te prêter une selle -
Monnier-Marc_Un-detraque_<l' ânier-1358>_25342,"femme . Et après , tu la conduiras où elle"
Monnier-Marc_Un-detraque_<l' ânier-1358>_25349,"conduiras où elle veut , tu monteras l' escalier derrière"
Monnier-Marc_Un-detraque_<l' ânier-1358>_25367,Il s' agit bien de ton âne ! Il t'
Monnier-Marc_Un-detraque_<l' ânier-1358>_25371,de ton âne ! Il t' attendra un moment ;
Monnier-Marc_Un-detraque_<l' ânier-1358>_25414,et montera des hommes à ta place . – Ça
Monnier-Marc_Un-detraque_<l' ânier-1358>_25425,"va pas bien , dit Francisquiel après un moment de"
Monnier-Marc_Un-detraque_<l' ânier-1358>_25441,de don Ruf commençait à lui brouiller la cervelle .
Monnier-Marc_Un-detraque_<l' ânier-1358>_25448,"la cervelle . Ce fut lui qui , le lendemain"
Monnier-Marc_Un-detraque_<l' ânier-1358>_25449,"cervelle . Ce fut lui qui , le lendemain ,"
Monnier-Marc_Un-detraque_<l' ânier-1358>_25488,Pétersbourg . – Et quand j' aurai monté l' escalier
Monnier-Marc_Un-detraque_<l' ânier-1358>_25497,escalier derrière elle ? demanda l' ânier . – Elle
Monnier-Marc_Un-detraque_<l' ânier-1358>_25506,Elle ouvrira sa porte et tu entreras . – Et
Monnier-Marc_Un-detraque_<l' ânier-1358>_25541,est un péché ! objecta Francisquiel . – Le juste
Monnier-Marc_Un-detraque_<l' ânier-1358>_25588,âne faillit chavirer … – Je n' en sais rien
Monnier-Marc_Un-detraque_<l' ânier-1358>_25594,n' en sais rien ( Francisquiel ne mentait pas )
Monnier-Marc_Un-detraque_<l' ânier-1358>_25600,ne mentait pas ) ; je dis seulement : Si
Monnier-Marc_Un-detraque_<l' ânier-1358>_25615,", est - ce que vous me donneriez le même"
Monnier-Marc_Un-detraque_<l' ânier-1358>_25616,est - ce que vous me donneriez le même conseil
Monnier-Marc_Un-detraque_<l' ânier-1358>_25626,"? – Assurément ! répondit don Ruf qui , dans"
Monnier-Marc_Un-detraque_<l' ânier-1358>_25648,", en même temps , il se disait à part"
Monnier-Marc_Un-detraque_<l' ânier-1358>_25703,de la curiosité pure . Je ne l' ai pas
Monnier-Marc_Un-detraque_<l' ânier-1358>_25738,"craindre . N' importe , je la surveillerai . –"
Monnier-Marc_Un-detraque_<l' ânier-1358>_25746,. – A quoi pensez - vous ? demanda Francisquiel
Monnier-Marc_Un-detraque_<l' ânier-1358>_25750,pensez - vous ? demanda Francisquiel . – A rien
Monnier-Marc_Un-detraque_<l' ânier-1358>_25756,. – A rien . Tu ne sais pas où
Monnier-Marc_Un-detraque_<l' ânier-1358>_25765,où elle demeure ? – Je n' ai pas voulu
Monnier-Marc_Un-detraque_<l' ânier-1358>_25774,voulu la conduire … – Tu as mal fait .
Monnier-Marc_Un-detraque_<l' ânier-1358>_25837,oui ! comme ceux que je menais à la Solfatare
Monnier-Marc_Un-detraque_<l' ânier-1358>_25849,"bien ! oui , il me paraît bien qu' elle"
Monnier-Marc_Un-detraque_<l' ânier-1358>_25875,"- couça … – Et ma femme , reprit don"
Monnier-Marc_Un-detraque_<l' ânier-1358>_25879,"Et ma femme , reprit don Ruf , tu ne"
Monnier-Marc_Un-detraque_<l' ânier-1358>_25882,", reprit don Ruf , tu ne l' as jamais"
Monnier-Marc_Un-detraque_<l' ânier-1358>_25898,A la bonne heure ! Je dis donc que si
Monnier-Marc_Un-detraque_<l' ânier-1358>_25907,"si c' était elle … tu sais , je ne"
Monnier-Marc_Un-detraque_<l' ânier-1358>_25910,"elle … tu sais , je ne nage pas dans"
Monnier-Marc_Un-detraque_<l' ânier-1358>_25925,avant tout être logique . Je ne suis pas de
Monnier-Marc_Un-detraque_<l' ânier-1358>_25989,"arbitre , chimère ; parlez - moi du déterminisme …"
Monnier-Marc_Un-detraque_<l' ânier-1358>_26003,". – Enfin , conclut le patron en descendant de"
Monnier-Marc_Un-detraque_<l' ânier-1358>_26008,"le patron en descendant de son âne , si c'"
Monnier-Marc_Un-detraque_<l' ânier-1358>_26017,"c' était elle … va ton chemin , mon bonhomme"
Monnier-Marc_Un-detraque_<l' ânier-1358>_26020,"… va ton chemin , mon bonhomme , et ne"
Monnier-Marc_Un-detraque_<l' ânier-1358>_26025,"mon bonhomme , et ne t' inquiète pas de moi"
Monnier-Marc_Un-detraque_<l' ânier-1358>_26029,ne t' inquiète pas de moi . Ayant ainsi parlé
Monnier-Marc_Un-detraque_<l' ânier-1358>_26035,". Ayant ainsi parlé , don Ruf descendit majestueusement de"
Monnier-Marc_Un-detraque_<l' ânier-1358>_26040,don Ruf descendit majestueusement de son âne . Le lendemain
Monnier-Marc_Un-detraque_<l' ânier-1358>_26046,"âne . Le lendemain , il s' esquiva sans mot"
Monnier-Marc_Un-detraque_<l' ânier-1358>_26053,esquiva sans mot dire et alla tout droit sur la
Monnier-Marc_Un-detraque_<l' ânier-1358>_26061,sur la place Médine où il acheta un caban de
Monnier-Marc_Un-detraque_<l' ânier-1358>_26077,du théâtre des Florentins qui lui mit une perruque et
Monnier-Marc_Un-detraque_<l' ânier-1358>_26087,de gros favoris rouges . Le naturaliste recourait à des
Monnier-Marc_Un-detraque_<l' ânier-1358>_26097,"stratagèmes de comédie , oubliant son profond mépris pour ce"
Monnier-Marc_Un-detraque_<l' ânier-1358>_26111,"Grimé de la sorte , il alla se poster chez"
Monnier-Marc_Un-detraque_<l' ânier-1358>_26132,stationnaient alors les tchioutchiares . Il vit Francisquiel desseller son
Monnier-Marc_Un-detraque_<le docteur Scharf-3922>_75030,lu dans le Piccolo que le docteur Scharf venait d'
Monnier-Marc_Un-detraque_<le docteur Scharf-3922>_75107,n' en fit pas moins au docteur une longue visite
Monnier-Marc_Un-detraque_<le docteur Scharf-3922>_75143,", dit - il à don Ruf , ces choses"
Monnier-Marc_Un-detraque_<le docteur Scharf-3922>_75169,"sûr que , si on vous donnait la croix ,"
Monnier-Marc_Un-detraque_<le docteur Scharf-3922>_75174,"vous donnait la croix , vous seriez le plus heureux"
Monnier-Marc_Un-detraque_<le docteur Scharf-3922>_75187,"– Mon Dieu ! dit don Ruf , en minaudant"
Monnier-Marc_Un-detraque_<le docteur Scharf-3922>_75204,"offrirait un mari , pourquoi me la donnerait - on"
Monnier-Marc_Un-detraque_<le docteur Scharf-3922>_75213,on ? – Parce que vous ne l' avez pas
Monnier-Marc_Un-detraque_<le docteur Scharf-3922>_75219,"ne l' avez pas … Le docteur , content d'"
Monnier-Marc_Un-detraque_<le docteur Scharf-3922>_75233,"raison , se renversa sur sa chaise et son rire"
Monnier-Marc_Un-detraque_<le docteur Scharf-3922>_75236,renversa sur sa chaise et son rire strident frémit dans
Monnier-Marc_Un-detraque_<le docteur Scharf-3922>_75249,". Le jour même , il alla voir le ministre"
Monnier-Marc_Un-detraque_<le docteur Scharf-3922>_75255,"alla voir le ministre , son ancien ami , et"
Monnier-Marc_Un-detraque_<le docteur Scharf-3922>_75261,"ancien ami , et lui parla de don Ruf comme"
Monnier-Marc_Un-detraque_<le docteur Scharf-3922>_75263,", et lui parla de don Ruf comme d' un"
Monnier-Marc_Un-detraque_<le docteur Scharf-3922>_75267,de don Ruf comme d' un galant homme inoffensif et
Monnier-Marc_Un-detraque_<le docteur Scharf-3922>_75273,galant homme inoffensif et insignifiant qui voulait faire un livre
Monnier-Marc_Un-detraque_<le docteur Scharf-3922>_75289,promit la croix . Mais don Ruf eut des scrupules
Monnier-Marc_Un-detraque_<le docteur Scharf-3922>_75295,Ruf eut des scrupules et fit des difficultés . –
Monnier-Marc_Un-detraque_<le docteur Scharf-3922>_75304,"– C' est que … je suis républicain , dit"
Monnier-Marc_Un-detraque_<le docteur Scharf-3922>_75309,"je suis républicain , dit - il au docteur ."
Monnier-Marc_Un-detraque_<le docteur Scharf-3922>_75311,"républicain , dit - il au docteur . – Pourquoi"
Monnier-Marc_Un-detraque_<le docteur Scharf-3922>_75333,… si on exigeait de moi des démarches . Pour
Monnier-Marc_Un-detraque_<le docteur Scharf-3922>_75347,", il fut convenu que don Ruf ferait tout bonnement"
Monnier-Marc_Un-detraque_<le docteur Scharf-3922>_75363,ne serait pas question de sa croix . La visite
Monnier-Marc_Un-detraque_<le docteur Scharf-3922>_75380,"Bernard , le ministre pesa le solliciteur et ne le"
Monnier-Marc_Un-detraque_<le docteur Scharf-3922>_75384,pesa le solliciteur et ne le trouva pas lourd ;
Monnier-Marc_Un-detraque_<le docteur Scharf-3922>_75401,"tout le monde , il le congédia cordialement avec une"
Monnier-Marc_Un-detraque_<le docteur Scharf-3922>_75411,"poignée de main , en lui disant d' un air"
Monnier-Marc_Un-detraque_<le docteur Scharf-3922>_75424,"Comptez sur moi . Après don Ruf , cinquante -"
Monnier-Marc_Un-detraque_<le docteur Scharf-3922>_75460,"il repartit pour Rome . Don Ruf , après avoir"
Monnier-Marc_Un-detraque_<le docteur Scharf-3922>_75475,"orme , était rentré sous sa tente , dédaigneusement ."
Monnier-Marc_Un-detraque_<le docteur Scharf-3922>_75516,de la nature ! – il venait de lire dans
Monnier-Marc_Un-detraque_<le docteur Scharf-3922>_75590,donc de se hâter . Don Ruf avait les résolutions
Monnier-Marc_Un-detraque_<le docteur Scharf-3922>_75717,d' Italie l' emporta ; don Ruf mit dans sa
Monnier-Marc_Un-detraque_<le docteur Scharf-3922>_75721,; don Ruf mit dans sa valise un costume noir
Monnier-Marc_Un-detraque_<le docteur Scharf-3922>_75734,blanche . Tout en brossant son habit et en le
Monnier-Marc_Un-detraque_<le docteur Scharf-3922>_75743,"le pliant avec soin , il répétait ses recommandations à"
Monnier-Marc_Un-detraque_<le docteur Scharf-3922>_75745,"avec soin , il répétait ses recommandations à dame Rose"
Monnier-Marc_Un-detraque_<le docteur Scharf-3922>_75752,"à dame Rose , qui le regardait faire avec stupéfaction"
Monnier-Marc_Un-detraque_<le docteur Scharf-3922>_75759,faire avec stupéfaction : – Je pars demain de grand
Monnier-Marc_Un-detraque_<le docteur Scharf-3922>_75770,", avant le jour ; je ne reviendrai que de"
Monnier-Marc_Un-detraque_<le docteur Scharf-3922>_75875,n' aie pas peur ; je vais le décharger par
Monnier-Marc_Un-detraque_<le docteur Scharf-3922>_75908,"couche - toi , tu me réveilleras trois heures après"
Monnier-Marc_Un-detraque_<le docteur Scharf-3922>_75915,trois heures après minuit . Don Ruf ne dormit pas
Monnier-Marc_Un-detraque_<le docteur Scharf-3922>_75980,": avant quatre heures , don Ruf descendit à la"
Monnier-Marc_Un-detraque_<le docteur Scharf-3922>_76006,"commandée depuis la veille , l' attendait . Et quelle"
Monnier-Marc_Un-detraque_<le docteur Scharf-3922>_76039,poupe un drapeau déployé . Don Ruf n' avait pas
Monnier-Marc_Un-detraque_<le docteur Scharf-3922>_76057,trop tard de Naples ; il prit par Sorrente d'
Monnier-Marc_Un-detraque_<le docteur Scharf-3922>_76066,d' où une voiture devait le transborder à Castellamare dans
Monnier-Marc_Un-detraque_<le docteur Scharf-3922>_76076,un wagon ; la lance le reprendrait à Sorrente et
Monnier-Marc_Un-detraque_<le docteur Scharf-3922>_76081,le reprendrait à Sorrente et le ramènerait le soir à
Monnier-Marc_Un-detraque_<le docteur Scharf-3922>_76128,ramer tout du long . Don Ruf manqua le train
Monnier-Marc_Un-detraque_<le docteur Scharf-3922>_76136,le train de Castellamare et voulut garder sa voiture jusqu'
Monnier-Marc_Un-detraque_<le docteur Scharf-3922>_76138,de Castellamare et voulut garder sa voiture jusqu' à Naples
Monnier-Marc_Un-detraque_<le docteur Scharf-3922>_76153,étaient sur les dents . Il prit une autre voiture
Monnier-Marc_Un-detraque_<le docteur Scharf-3922>_76159,prit une autre voiture qui le versa entre la Tour
Monnier-Marc_Un-detraque_<le docteur Scharf-3922>_76172,"Tour du Grec , et dut gagner à pied cette"
Monnier-Marc_Un-detraque_<le docteur Scharf-3922>_76228,ponce de l' éruption . Don Ruf n' arriva que
Monnier-Marc_Un-detraque_<le docteur Scharf-3922>_76256,", enveloppé de solliciteurs qui lui tendaient des suppliques :"
Monnier-Marc_Un-detraque_<le docteur Scharf-3922>_76261,lui tendaient des suppliques : le malheureux les prenait au
Monnier-Marc_Un-detraque_<le docteur Scharf-3922>_76269,prenait au passage et en fourra autant qu' il put
Monnier-Marc_Un-detraque_<le docteur Scharf-3922>_76272,et en fourra autant qu' il put dans ses poches
Monnier-Marc_Un-detraque_<le docteur Scharf-3922>_76275,"autant qu' il put dans ses poches , mais des"
Monnier-Marc_Un-detraque_<le docteur Scharf-3922>_76288,jaillirent de la rue dans sa calèche ; il en
Monnier-Marc_Un-detraque_<le docteur Scharf-3922>_76291,rue dans sa calèche ; il en eut bientôt par
Monnier-Marc_Un-detraque_<le docteur Scharf-3922>_76309,chevaux partirent au galop et don Ruf se trouva tout
Monnier-Marc_Un-detraque_<le docteur Scharf-3922>_76333,"vous , demanda - t - il au suisse ,"
Monnier-Marc_Un-detraque_<le docteur Scharf-3922>_76335,"demanda - t - il au suisse , à quelle"
Monnier-Marc_Un-detraque_<le docteur Scharf-3922>_76352,"Excellence ne rentrera pas , lui répondit le concierge du"
Monnier-Marc_Un-detraque_<le docteur Scharf-3922>_76380,de repartir pour Rome . Don Ruf promit cent sous
Monnier-Marc_Un-detraque_<le docteur Scharf-3922>_76389,sous à un fiacre s' il arrivait à la gare
Monnier-Marc_Un-detraque_<le docteur Scharf-3922>_76463,"train s' ébranla , et don Ruf posa près de"
Monnier-Marc_Un-detraque_<le docteur Scharf-3922>_76468,"don Ruf posa près de lui , à terre ,"
Monnier-Marc_Un-detraque_<le docteur Scharf-3922>_76477,", sur le quai , sa valise et son sac"
Monnier-Marc_Un-detraque_<le docteur Scharf-3922>_76480,"quai , sa valise et son sac pour faire de"
Monnier-Marc_Un-detraque_<le docteur Scharf-3922>_76485,son sac pour faire de ses deux mains un porte
Monnier-Marc_Un-detraque_<le docteur Scharf-3922>_76496,voix et crier au moins son nom au ministre .
Monnier-Marc_Un-detraque_<le docteur Scharf-3922>_76515,"sympathie et de repentance , cet homme public n' eût"
Monnier-Marc_Un-detraque_<le docteur Scharf-3922>_76541,à la portière pour répondre au postulant réconforté : –
Monnier-Marc_Un-detraque_<le docteur Scharf-3922>_76546,"au postulant réconforté : – Don Ruf , je vous"
Monnier-Marc_Un-detraque_<le docteur Scharf-3922>_76550,"– Don Ruf , je vous décore ! Mais le"
Monnier-Marc_Un-detraque_<le docteur Scharf-3922>_76574,"portière ; et , quand l' infortuné naturaliste à qui"
Monnier-Marc_Un-detraque_<le docteur Scharf-3922>_76578,quand l' infortuné naturaliste à qui échappait la Couronne d'
Monnier-Marc_Un-detraque_<le docteur Scharf-3922>_76587,d' Italie baissa de nouveau ses mains pour reprendre son
Monnier-Marc_Un-detraque_<le docteur Scharf-3922>_76591,nouveau ses mains pour reprendre son sac et sa valise
Monnier-Marc_Un-detraque_<le docteur Scharf-3922>_76594,"pour reprendre son sac et sa valise , la valise"
Monnier-Marc_Un-detraque_<le docteur Scharf-3922>_76608,"y étaient plus . Console - toi , don Ruf"
Monnier-Marc_Un-detraque_<le docteur Scharf-3922>_76611,". Console - toi , don Ruf ; il te"
Monnier-Marc_Un-detraque_<le docteur Scharf-3922>_76615,", don Ruf ; il te reste encore un porte"
Monnier-Marc_Un-detraque_<le docteur Scharf-3922>_76627,". Avec quelques sous , tu auras bientôt des habits"
Monnier-Marc_Un-detraque_<le docteur Scharf-3922>_76646,"gare ; enfin , si tu as du temps à"
Monnier-Marc_Un-detraque_<le docteur Scharf-3922>_76653,"du temps à perdre , tu pourras adresser une plainte"
Monnier-Marc_Un-detraque_<le docteur Scharf-3922>_76664,commissaire qui ne retrouvera pas ton voleur . A quelque
Monnier-Marc_Un-detraque_<le docteur Scharf-3922>_76674,"chose malheur est bon , tu es tout porté au"
Monnier-Marc_Un-detraque_<le docteur Scharf-3922>_76685,"de fer de Castellamare , tu ne manqueras pas le"
Monnier-Marc_Un-detraque_<le docteur Scharf-3922>_76702,lance à coussins de velours t' attend avec un capitaine
Monnier-Marc_Un-detraque_<le docteur Scharf-3922>_76716,"le port de Sorrente . Tu seras , ce soir"
Monnier-Marc_Un-detraque_<le docteur Scharf-3922>_76725,"soir , à Capri , don Ruf , et tu"
Monnier-Marc_Un-detraque_<le docteur Scharf-3922>_76729,", don Ruf , et tu embrasseras ta Romaine qui"
Monnier-Marc_Un-detraque_<le docteur Scharf-3922>_76731,"Ruf , et tu embrasseras ta Romaine qui jettera ses"
Monnier-Marc_Un-detraque_<le docteur Scharf-3922>_76740,ses deux bras autour de ton cou : c' est
Monnier-Marc_Un-detraque_<le docteur Scharf-3922>_76768,", à l' oreille de l' homme déçu et volé"
Monnier-Marc_Un-detraque_<le docteur Scharf-3922>_76774,"homme déçu et volé , le bon génie qui épargne"
Monnier-Marc_Un-detraque_<le docteur Scharf-3922>_76777,"volé , le bon génie qui épargne toujours aux Napolitains"
Monnier-Marc_Un-detraque_<le docteur Scharf-3922>_76812,noie pas . Ajoutez que don Ruf avait grand' faim
