,text_surronding
Schwob-Marcel_Le-roi-au-masque-d-or_<le roi-101>_2626,"extrémité de la salle , le roi saisit une torchère"
Schwob-Marcel_Le-roi-au-masque-d-or_<le roi-101>_2652,s' abattirent en frémissant sur ses manches de soie .
Schwob-Marcel_Le-roi-au-masque-d-or_<le roi-101>_2658,manches de soie . Mais le roi ne les remarqua
Schwob-Marcel_Le-roi-au-masque-d-or_<le roi-101>_2665,ne les remarqua pas . Il se dirigea vers une
Schwob-Marcel_Le-roi-au-masque-d-or_<le roi-101>_2743,par les ornements royaux . Le roi s' arrêta devant
Schwob-Marcel_Le-roi-au-masque-d-or_<le roi-101>_2752,devant ce portrait et l' éclaira en soulevant la torchère
Schwob-Marcel_Le-roi-au-masque-d-or_<le roi-101>_2759,soulevant la torchère . Puis il gémit et dit :
Schwob-Marcel_Le-roi-au-masque-d-or_<le roi-101>_2762,. Puis il gémit et dit : « - premier
Schwob-Marcel_Le-roi-au-masque-d-or_<le roi-101>_2768,": « - premier de ma race , mon frère"
Schwob-Marcel_Le-roi-au-masque-d-or_<le roi-101>_2771,"premier de ma race , mon frère , que nous"
Schwob-Marcel_Le-roi-au-masque-d-or_<le roi-101>_2781,sommes pitoyables ! » Et il baisa le portrait sur
Schwob-Marcel_Le-roi-au-masque-d-or_<le roi-101>_2800,", qui était masquée , le roi s' arrêta et"
Schwob-Marcel_Le-roi-au-masque-d-or_<le roi-101>_2805,le roi s' arrêta et déchira la toile du masque
Schwob-Marcel_Le-roi-au-masque-d-or_<le roi-101>_2821,"qu' il fallait faire , mon père , second de"
Schwob-Marcel_Le-roi-au-masque-d-or_<le roi-101>_2826,"mon père , second de ma race . » Et"
Schwob-Marcel_Le-roi-au-masque-d-or_<le roi-101>_2832,race . » Et ainsi il déchira les masques de
Schwob-Marcel_Le-roi-au-masque-d-or_<le roi-101>_2842,"tous les autres rois de sa race , jusqu' à"
Schwob-Marcel_Le-roi-au-masque-d-or_<le roi-101>_2847,"sa race , jusqu' à lui - même . Sous"
Schwob-Marcel_Le-roi-au-masque-d-or_<le roi-101>_2866,de la muraille . Puis il arriva dans les salles
Schwob-Marcel_Le-roi-au-masque-d-or_<le roi-101>_2881,luisantes étaient encore dressées . Il porta la torchère au
Schwob-Marcel_Le-roi-au-masque-d-or_<le roi-101>_2889,"torchère au - dessus de sa tête , et des"
Schwob-Marcel_Le-roi-au-masque-d-or_<le roi-101>_3025,à croûte saine . Et le roi traversa les salles
Schwob-Marcel_Le-roi-au-masque-d-or_<le roi-101>_3046,"pas eu honte , dit - il , de mordre"
Schwob-Marcel_Le-roi-au-masque-d-or_<le roi-101>_3091,Il est parmi ceux dont j' ai arraché les faux
Schwob-Marcel_Le-roi-au-masque-d-or_<le roi-101>_3099,les faux visages : et j' ai mangé du pain
Schwob-Marcel_Le-roi-au-masque-d-or_<le roi-101>_3109,"de son panier , et j' ai bu du vin"
Schwob-Marcel_Le-roi-au-masque-d-or_<le roi-101>_3134,"salles à coucher , et le roi y glissa ,"
Schwob-Marcel_Le-roi-au-masque-d-or_<le roi-101>_3141,"y glissa , portant devant lui sa torche sanglante ."
Schwob-Marcel_Le-roi-au-masque-d-or_<le roi-101>_3142,"glissa , portant devant lui sa torche sanglante . Un"
Schwob-Marcel_Le-roi-au-masque-d-or_<le roi-101>_3170,blanche ; puis il reconnut le roi à sa face
Schwob-Marcel_Le-roi-au-masque-d-or_<le roi-101>_3173,il reconnut le roi à sa face d' or et
Schwob-Marcel_Le-roi-au-masque-d-or_<le roi-101>_3233,pierre polie . D' abord le roi considéra l' appartement
Schwob-Marcel_Le-roi-au-masque-d-or_<le roi-101>_3378,"heure de la nuit , le roi au masque d'"
Schwob-Marcel_Le-roi-au-masque-d-or_<le roi-101>_3386,masque d' or ; là ses ancêtres avaient dormi pendant
Schwob-Marcel_Le-roi-au-masque-d-or_<le roi-101>_3395,pendant des années . Et le roi détourna la tête
Schwob-Marcel_Le-roi-au-masque-d-or_<le roi-101>_3401,roi détourna la tête de son lit : « Ils
Schwob-Marcel_Le-roi-au-masque-d-or_<le roi-101>_3411,"ont pu dormir , dit - il , avec ce"
Schwob-Marcel_Le-roi-au-masque-d-or_<le roi-101>_3432,"baiser au front , comme moi . Et ils n'"
Schwob-Marcel_Le-roi-au-masque-d-or_<le roi-101>_3449,"noir du sommeil , pour l' effrayer à jamais ."
Schwob-Marcel_Le-roi-au-masque-d-or_<le roi-101>_3455,effrayer à jamais . Et j' ai frôlé cet airain
Schwob-Marcel_Le-roi-au-masque-d-or_<le roi-101>_3461,"ai frôlé cet airain , j' ai touché ces coussins"
Schwob-Marcel_Le-roi-au-masque-d-or_<le roi-101>_3478,ces honteux … » Et le roi passa dans la
Schwob-Marcel_Le-roi-au-masque-d-or_<le roi-101>_3498,"dansait encore , et jetait ses bras rapides sur les"
Schwob-Marcel_Le-roi-au-masque-d-or_<le roi-101>_3506,sur les murs . Et il frappa sur le grand
Schwob-Marcel_Le-roi-au-masque-d-or_<le roi-101>_3589,leurs visages souriants . Or le roi monta sur son
Schwob-Marcel_Le-roi-au-masque-d-or_<le roi-101>_3593,Or le roi monta sur son trône noir et commanda
Schwob-Marcel_Le-roi-au-masque-d-or_<le roi-101>_3597,sur son trône noir et commanda : – J' ai
Schwob-Marcel_Le-roi-au-masque-d-or_<le roi-101>_3600,noir et commanda : – J' ai frappé sur le
Schwob-Marcel_Le-roi-au-masque-d-or_<le roi-101>_3615,pour une chose importante . Le mendiant a dit vrai
Schwob-Marcel_Le-roi-au-masque-d-or_<le roi-101>_3622,a dit vrai . Vous me trompez tous ici .
Schwob-Marcel_Le-roi-au-masque-d-or_<le roi-101>_3659,découvrirent leurs visages . Alors le roi au masque d'
Schwob-Marcel_Le-roi-au-masque-d-or_<le roi-101>_3671,tourna vers les prêtres et considéra cinquante grosses faces rieuses
Schwob-Marcel_Le-roi-au-masque-d-or_<le roi-101>_3693,"tournant vers les bouffons , il examina cinquante figures hâves"
Schwob-Marcel_Le-roi-au-masque-d-or_<le roi-101>_3718,"baissant vers le croissant de ses femmes assises , il"
Schwob-Marcel_Le-roi-au-masque-d-or_<le roi-101>_3722,"de ses femmes assises , il ricana , — car"
Schwob-Marcel_Le-roi-au-masque-d-or_<le roi-101>_3745,". – Ainsi , dit le roi , vous m'"
Schwob-Marcel_Le-roi-au-masque-d-or_<le roi-101>_3749,"dit le roi , vous m' avez trompé depuis tant"
Schwob-Marcel_Le-roi-au-masque-d-or_<le roi-101>_3768,le monde . Ceux que je croyais sérieux et qui
Schwob-Marcel_Le-roi-au-masque-d-or_<le roi-101>_3773,je croyais sérieux et qui me donnaient des conseils sur
Schwob-Marcel_Le-roi-au-masque-d-or_<le roi-101>_3798,vin ; et ceux dont je m' amusais pour leur
Schwob-Marcel_Le-roi-au-masque-d-or_<le roi-101>_3833,Misérables vous êtes ; mais je suis encore le plus
Schwob-Marcel_Le-roi-au-masque-d-or_<le roi-101>_3836,; mais je suis encore le plus misérable d' entre
Schwob-Marcel_Le-roi-au-masque-d-or_<le roi-101>_3843,misérable d' entre vous . Je suis roi et mon
Schwob-Marcel_Le-roi-au-masque-d-or_<le roi-101>_3845,entre vous . Je suis roi et mon visage parait
Schwob-Marcel_Le-roi-au-masque-d-or_<le roi-101>_3847,. Je suis roi et mon visage parait royal .
Schwob-Marcel_Le-roi-au-masque-d-or_<le roi-101>_3863,: le plus malheureux de mon royaume n' a rien
Schwob-Marcel_Le-roi-au-masque-d-or_<le roi-101>_3869,royaume n' a rien à m' envier . Et le
Schwob-Marcel_Le-roi-au-masque-d-or_<le roi-101>_3873,à m' envier . Et le roi ôta son masque
Schwob-Marcel_Le-roi-au-masque-d-or_<le roi-101>_3876,. Et le roi ôta son masque d' or .
Schwob-Marcel_Le-roi-au-masque-d-or_<le roi-101>_3891,des gorges de ceux qui le voyaient ; car la
Schwob-Marcel_Le-roi-au-masque-d-or_<le roi-101>_3901,flamme rose du brasier illuminait ses écailles blanches de lépreux
Schwob-Marcel_Le-roi-au-masque-d-or_<le roi-101>_3912,– Ce sont eux qui m' ont trompé — mes
Schwob-Marcel_Le-roi-au-masque-d-or_<le roi-101>_3916,"qui m' ont trompé — mes pères , je veux"
Schwob-Marcel_Le-roi-au-masque-d-or_<le roi-101>_3919,"trompé — mes pères , je veux dire , cria"
Schwob-Marcel_Le-roi-au-masque-d-or_<le roi-101>_3924,"je veux dire , cria le roi , qui étaient"
Schwob-Marcel_Le-roi-au-masque-d-or_<le roi-101>_3931,", qui étaient lépreux comme moi , et m' ont"
Schwob-Marcel_Le-roi-au-masque-d-or_<le roi-101>_3934,"lépreux comme moi , et m' ont transmis leur maladie"
Schwob-Marcel_Le-roi-au-masque-d-or_<le roi-101>_3945,"l' héritage royal . Ils m' ont abusé , et"
Schwob-Marcel_Le-roi-au-masque-d-or_<le roi-101>_3982,". – Ainsi , dit le roi , cette lune"
Schwob-Marcel_Le-roi-au-masque-d-or_<le roi-101>_4009,"obscure et cruelle , ainsi ma royauté a été tendue"
Schwob-Marcel_Le-roi-au-masque-d-or_<le roi-101>_4015,royauté a été tendue sur ma lèpre . Mais je
Schwob-Marcel_Le-roi-au-masque-d-or_<le roi-101>_4019,sur ma lèpre . Mais je ne verrai plus l'
Schwob-Marcel_Le-roi-au-masque-d-or_<le roi-101>_4030,"de ce monde , et je dirigerai mon regard vers"
Schwob-Marcel_Le-roi-au-masque-d-or_<le roi-101>_4032,"monde , et je dirigerai mon regard vers les choses"
Schwob-Marcel_Le-roi-au-masque-d-or_<le roi-101>_4044,"Ici , devant vous , je me punis de ma"
Schwob-Marcel_Le-roi-au-masque-d-or_<le roi-101>_4048,", je me punis de ma lèpre , et de"
Schwob-Marcel_Le-roi-au-masque-d-or_<le roi-101>_4053,"ma lèpre , et de mon mensonge , et ma"
Schwob-Marcel_Le-roi-au-masque-d-or_<le roi-101>_4057,"de mon mensonge , et ma race avec moi ."
Schwob-Marcel_Le-roi-au-masque-d-or_<le roi-101>_4060,", et ma race avec moi . Le roi leva"
Schwob-Marcel_Le-roi-au-masque-d-or_<le roi-101>_4062,ma race avec moi . Le roi leva son masque
Schwob-Marcel_Le-roi-au-masque-d-or_<le roi-101>_4065,moi . Le roi leva son masque d' or ;
Schwob-Marcel_Le-roi-au-masque-d-or_<le roi-101>_4085,"agitation et les supplications , il enfonça dans ses yeux"
Schwob-Marcel_Le-roi-au-masque-d-or_<le roi-101>_4088,"supplications , il enfonça dans ses yeux les crochets latéraux"
Schwob-Marcel_Le-roi-au-masque-d-or_<le roi-101>_4113,"lumière rouge s' épanouit devant lui , et un flot"
Schwob-Marcel_Le-roi-au-masque-d-or_<le roi-101>_4122,"flot de sang coula sur son visage , sur ses"
Schwob-Marcel_Le-roi-au-masque-d-or_<le roi-101>_4126,"sur son visage , sur ses mains , sur les"
Schwob-Marcel_Le-roi-au-masque-d-or_<le roi-101>_4136,"degrés sombres du trône . Il déchira ses vêtements ,"
Schwob-Marcel_Le-roi-au-masque-d-or_<le roi-101>_4138,"du trône . Il déchira ses vêtements , descendit les"
Schwob-Marcel_Le-roi-au-masque-d-or_<le roi-101>_4141,"Il déchira ses vêtements , descendit les marches en chancelant"
Schwob-Marcel_Le-roi-au-masque-d-or_<le roi-101>_4159,"gardes muets d' horreur , il partit seul dans la"
Schwob-Marcel_Le-roi-au-masque-d-or_<le roi-101>_4167,dans la nuit . Or le roi lépreux et aveugle
Schwob-Marcel_Le-roi-au-masque-d-or_<le roi-101>_4177,marchait dans la nuit . Il se heurta aux sept
Schwob-Marcel_Le-roi-au-masque-d-or_<le roi-101>_4185,"aux sept murailles concentriques de ses sept cours , et"
Schwob-Marcel_Le-roi-au-masque-d-or_<le roi-101>_4200,"la résidence royale , et il se fit des plaies"
Schwob-Marcel_Le-roi-au-masque-d-or_<le roi-101>_4215,épines des haies . Lorsqu' il entendit sonner ses pas
Schwob-Marcel_Le-roi-au-masque-d-or_<le roi-101>_4218,". Lorsqu' il entendit sonner ses pas , il connut"
Schwob-Marcel_Le-roi-au-masque-d-or_<le roi-101>_4221,"entendit sonner ses pas , il connut qu' il était"
Schwob-Marcel_Le-roi-au-masque-d-or_<le roi-101>_4224,"pas , il connut qu' il était sur la grande"
Schwob-Marcel_Le-roi-au-masque-d-or_<le roi-101>_4237,"des heures et des heures il marcha , sans même"
Schwob-Marcel_Le-roi-au-masque-d-or_<le roi-101>_4251,prendre de la nourriture . Il savait qu' il était
Schwob-Marcel_Le-roi-au-masque-d-or_<le roi-101>_4254,nourriture . Il savait qu' il était éclairé de soleil
Schwob-Marcel_Le-roi-au-masque-d-or_<le roi-101>_4264,"par la chaleur qui voilait son visage , et il"
Schwob-Marcel_Le-roi-au-masque-d-or_<le roi-101>_4268,"voilait son visage , et il reconnaissait la nuit au"
Schwob-Marcel_Le-roi-au-masque-d-or_<le roi-101>_4284,sang qui avait coulé de ses yeux arrachés couvrait sa
Schwob-Marcel_Le-roi-au-masque-d-or_<le roi-101>_4288,de ses yeux arrachés couvrait sa peau d' une croûte
Schwob-Marcel_Le-roi-au-masque-d-or_<le roi-101>_4299,"et sèche . Et quand il eut marché longtemps ,"
Schwob-Marcel_Le-roi-au-masque-d-or_<le roi-101>_4304,"il eut marché longtemps , le roi aveugle se sentit"
Schwob-Marcel_Le-roi-au-masque-d-or_<le roi-101>_4312,"se sentit las , et s' assit au bord de"
Schwob-Marcel_Le-roi-au-masque-d-or_<le roi-101>_4320,bord de la route . Il vivait maintenant dans un
Schwob-Marcel_Le-roi-au-masque-d-or_<le roi-101>_4328,dans un monde obscur et ses regards étaient rentrés en
Schwob-Marcel_Le-roi-au-masque-d-or_<le roi-101>_4333,ses regards étaient rentrés en lui - même . Comme
Schwob-Marcel_Le-roi-au-masque-d-or_<le roi-101>_4338,lui - même . Comme il errait dans cette plaine
Schwob-Marcel_Le-roi-au-masque-d-or_<le roi-101>_4347,"plaine sombre des pensées , il entendit un bruit de"
Schwob-Marcel_Le-roi-au-masque-d-or_<le roi-101>_4355,bruit de clochettes . Aussitôt il se représenta le retour
Schwob-Marcel_Le-roi-au-masque-d-or_<le roi-101>_4382,pendait à terre . Et il tendit les mains pour
Schwob-Marcel_Le-roi-au-masque-d-or_<le roi-101>_4400,honte des animaux . Mais ses mains rencontrèrent d' autres
Schwob-Marcel_Le-roi-au-masque-d-or_<le roi-101>_4412,", et une voix douce lui dit : – Pauvre"
Schwob-Marcel_Le-roi-au-masque-d-or_<le roi-101>_4416,"douce lui dit : – Pauvre homme aveugle , que"
Schwob-Marcel_Le-roi-au-masque-d-or_<le roi-101>_4422,"homme aveugle , que veux - tu ? Et le"
Schwob-Marcel_Le-roi-au-masque-d-or_<le roi-101>_4426,veux - tu ? Et le roi reconnut la voix
Schwob-Marcel_Le-roi-au-masque-d-or_<le roi-101>_4445,"pas me toucher , cria le roi . Mais où"
Schwob-Marcel_Le-roi-au-masque-d-or_<le roi-101>_4451,roi . Mais où sont tes brebis ? Or la
Schwob-Marcel_Le-roi-au-masque-d-or_<le roi-101>_4462,"fille qui se tenait devant lui était lépreuse , et"
Schwob-Marcel_Le-roi-au-masque-d-or_<le roi-101>_4503,moi . – Où vas - tu ainsi ? dit
Schwob-Marcel_Le-roi-au-masque-d-or_<le roi-101>_4508,- tu ainsi ? dit le roi aveugle . –
Schwob-Marcel_Le-roi-au-masque-d-or_<le roi-101>_4513,"le roi aveugle . – Je rentre , répondit -"
Schwob-Marcel_Le-roi-au-masque-d-or_<le roi-101>_4527,cité des Misérables . Alors le roi se souvint qu'
Schwob-Marcel_Le-roi-au-masque-d-or_<le roi-101>_4541,"dans un endroit écarté de son royaume , un asile"
Schwob-Marcel_Le-roi-au-masque-d-or_<le roi-101>_4589,leur solitude était extrême . Le roi résolut de se
Schwob-Marcel_Le-roi-au-masque-d-or_<le roi-101>_4601,"cette cité . – Conduis - moi , dit -"
Schwob-Marcel_Le-roi-au-masque-d-or_<le roi-101>_4605,"Conduis - moi , dit - il . La jeune"
Schwob-Marcel_Le-roi-au-masque-d-or_<le roi-101>_4608,", dit - il . La jeune fille le saisit"
Schwob-Marcel_Le-roi-au-masque-d-or_<le roi-101>_4611,il . La jeune fille le saisit par le pan
Schwob-Marcel_Le-roi-au-masque-d-or_<le roi-101>_4617,saisit par le pan de sa manche . – Laisse
Schwob-Marcel_Le-roi-au-masque-d-or_<le roi-101>_4622,sa manche . – Laisse - moi te laver le
Schwob-Marcel_Le-roi-au-masque-d-or_<le roi-101>_4624,". – Laisse - moi te laver le visage ,"
Schwob-Marcel_Le-roi-au-masque-d-or_<le roi-101>_4630,"laver le visage , dit - elle ; car le"
Schwob-Marcel_Le-roi-au-masque-d-or_<le roi-101>_4639,le sang a coulé sur tes joues depuis une semaine
Schwob-Marcel_Le-roi-au-masque-d-or_<le roi-101>_4649,"peut - être . Et le roi trembla , pensant"
Schwob-Marcel_Le-roi-au-masque-d-or_<le roi-101>_4655,"roi trembla , pensant qu' elle allait avoir horreur de"
Schwob-Marcel_Le-roi-au-masque-d-or_<le roi-101>_4660,elle allait avoir horreur de sa lèpre et l' abandonner
Schwob-Marcel_Le-roi-au-masque-d-or_<le roi-101>_4663,horreur de sa lèpre et l' abandonner . Mais elle
Schwob-Marcel_Le-roi-au-masque-d-or_<le roi-101>_4667,et l' abandonner . Mais elle versa de l' eau
Schwob-Marcel_Le-roi-au-masque-d-or_<le roi-101>_4673,versa de l' eau de sa gourde et lava le
Schwob-Marcel_Le-roi-au-masque-d-or_<le roi-101>_4676,eau de sa gourde et lava le visage du roi
Schwob-Marcel_Le-roi-au-masque-d-or_<le roi-101>_4679,gourde et lava le visage du roi . Puis elle
Schwob-Marcel_Le-roi-au-masque-d-or_<le roi-101>_4683,visage du roi . Puis elle dit : – Pauvre
Schwob-Marcel_Le-roi-au-masque-d-or_<le roi-101>_4687,"Puis elle dit : – Pauvre , comme tu as"
Schwob-Marcel_Le-roi-au-masque-d-or_<le roi-101>_4690,": – Pauvre , comme tu as dû souffrir de"
Schwob-Marcel_Le-roi-au-masque-d-or_<le roi-101>_4698,souffrir de l' arrachement de tes yeux ! – Comme
Schwob-Marcel_Le-roi-au-masque-d-or_<le roi-101>_4703,"tes yeux ! – Comme j' ai souffert avant ,"
Schwob-Marcel_Le-roi-au-masque-d-or_<le roi-101>_4713,"sans le savoir , dit le roi . Mais allons"
Schwob-Marcel_Le-roi-au-masque-d-or_<le roi-101>_4731,cité des Misérables ? Et elle le reconduisit en lui
Schwob-Marcel_Le-roi-au-masque-d-or_<le roi-101>_4732,des Misérables ? Et elle le reconduisit en lui parlant
Schwob-Marcel_Le-roi-au-masque-d-or_<le roi-101>_4735,Et elle le reconduisit en lui parlant tendrement . Cependant
Schwob-Marcel_Le-roi-au-masque-d-or_<le roi-101>_4740,lui parlant tendrement . Cependant le roi aveugle entendait les
Schwob-Marcel_Le-roi-au-masque-d-or_<le roi-101>_4752,"et , se tournant , voulait caresser les brebis ."
Schwob-Marcel_Le-roi-au-masque-d-or_<le roi-101>_4758,caresser les brebis . Et la jeune fille craignait qu'
Schwob-Marcel_Le-roi-au-masque-d-or_<le roi-101>_4763,la jeune fille craignait qu' il ne devinât sa maladie
Schwob-Marcel_Le-roi-au-masque-d-or_<le roi-101>_4766,craignait qu' il ne devinât sa maladie . Or le
Schwob-Marcel_Le-roi-au-masque-d-or_<le roi-101>_4770,devinât sa maladie . Or le roi était exténué de
Schwob-Marcel_Le-roi-au-masque-d-or_<le roi-101>_4780,fatigue et de faim . Elle sortit un morceau de
Schwob-Marcel_Le-roi-au-masque-d-or_<le roi-101>_4787,un morceau de pain de son bissac et lui offrit
Schwob-Marcel_Le-roi-au-masque-d-or_<le roi-101>_4790,pain de son bissac et lui offrit sa gourde .
Schwob-Marcel_Le-roi-au-masque-d-or_<le roi-101>_4792,son bissac et lui offrit sa gourde . Mais il
Schwob-Marcel_Le-roi-au-masque-d-or_<le roi-101>_4796,"offrit sa gourde . Mais il refusa , craignant de"
Schwob-Marcel_Le-roi-au-masque-d-or_<le roi-101>_4809,et l' eau . Puis il demanda : – Vois
Schwob-Marcel_Le-roi-au-masque-d-or_<le roi-101>_4814,il demanda : – Vois - tu la cité des
Schwob-Marcel_Le-roi-au-masque-d-or_<le roi-101>_4826,"– Pas encore , dit la jeune fille . Et"
Schwob-Marcel_Le-roi-au-masque-d-or_<le roi-101>_4832,jeune fille . Et ils marchèrent plus loin . Elle
Schwob-Marcel_Le-roi-au-masque-d-or_<le roi-101>_4836,ils marchèrent plus loin . Elle cueillit pour lui du
Schwob-Marcel_Le-roi-au-masque-d-or_<le roi-101>_4839,"loin . Elle cueillit pour lui du lotus bleu ,"
Schwob-Marcel_Le-roi-au-masque-d-or_<le roi-101>_4845,"du lotus bleu , et il le mâcha pour rafraîchir"
Schwob-Marcel_Le-roi-au-masque-d-or_<le roi-101>_4850,il le mâcha pour rafraîchir sa bouche . Le soleil
Schwob-Marcel_Le-roi-au-masque-d-or_<le roi-101>_4876,"du repas qui monte vers moi , dit le roi"
Schwob-Marcel_Le-roi-au-masque-d-or_<le roi-101>_4879,"monte vers moi , dit le roi aveugle . N'"
Schwob-Marcel_Le-roi-au-masque-d-or_<le roi-101>_4899,"– Pas encore , dit la jeune fille . Et"
Schwob-Marcel_Le-roi-au-masque-d-or_<le roi-101>_4917,"encore le ciel violet , le roi se pâma de"
Schwob-Marcel_Le-roi-au-masque-d-or_<le roi-101>_4958,"Voici la cité , dit la jeune fille ; je"
Schwob-Marcel_Le-roi-au-masque-d-or_<le roi-101>_4962,dit la jeune fille ; je la vois . –
Schwob-Marcel_Le-roi-au-masque-d-or_<le roi-101>_4967,je la vois . – J' entrerai seul dans une
Schwob-Marcel_Le-roi-au-masque-d-or_<le roi-101>_4975,"dans une autre , dit le roi aveugle . Je"
Schwob-Marcel_Le-roi-au-masque-d-or_<le roi-101>_4979,dit le roi aveugle . Je n' avais plus qu'
Schwob-Marcel_Le-roi-au-masque-d-or_<le roi-101>_4987,plus qu' un désir ; j' aurais voulu reposer mes
Schwob-Marcel_Le-roi-au-masque-d-or_<le roi-101>_4991,; j' aurais voulu reposer mes lèvres sur les tiennes
Schwob-Marcel_Le-roi-au-masque-d-or_<le roi-101>_4999,"les tiennes , afin de me rafraîchir à ta figure"
Schwob-Marcel_Le-roi-au-masque-d-or_<le roi-101>_5002,afin de me rafraîchir à ta figure qui doit être
Schwob-Marcel_Le-roi-au-masque-d-or_<le roi-101>_5011,"être si belle . Mais je t' aurais souillée ,"
Schwob-Marcel_Le-roi-au-masque-d-or_<le roi-101>_5012,"si belle . Mais je t' aurais souillée , puisque"
Schwob-Marcel_Le-roi-au-masque-d-or_<le roi-101>_5017,"t' aurais souillée , puisque je suis lépreux . Et"
Schwob-Marcel_Le-roi-au-masque-d-or_<le roi-101>_5022,je suis lépreux . Et le roi s' évanouit dans
Schwob-Marcel_Le-roi-au-masque-d-or_<le roi-101>_5031,dans la mort . Et la jeune fille éclata en
Schwob-Marcel_Le-roi-au-masque-d-or_<le roi-101>_5042,", voyant que le visage du roi aveugle était pur"
Schwob-Marcel_Le-roi-au-masque-d-or_<le roi-101>_5054,", et sachant bien qu' elle - même avait craint"
Schwob-Marcel_Le-roi-au-masque-d-or_<le roi-101>_5060,- même avait craint de le souiller . Or de
Schwob-Marcel_Le-roi-au-masque-d-or_<le roi-101>_5088,tremblaient . – Pourquoi pleures - tu ? dit -
Schwob-Marcel_Le-roi-au-masque-d-or_<le roi-101>_5096,dit - il . Et la jeune fille lui dit
Schwob-Marcel_Le-roi-au-masque-d-or_<le roi-101>_5102,jeune fille lui dit que le roi aveugle était mort
Schwob-Marcel_Le-roi-au-masque-d-or_<le roi-101>_5121,être lépreux . – Et il n' a point voulu
Schwob-Marcel_Le-roi-au-masque-d-or_<le roi-101>_5126,il n' a point voulu me donner le baiser de
Schwob-Marcel_Le-roi-au-masque-d-or_<le roi-101>_5134,"baiser de paix , dit - elle , afin de"
Schwob-Marcel_Le-roi-au-masque-d-or_<le roi-101>_5141,", afin de ne pas me souiller ; et c'"
Schwob-Marcel_Le-roi-au-masque-d-or_<le roi-101>_5147,souiller ; et c' est moi qui suis véritablement lépreuse
Schwob-Marcel_Le-roi-au-masque-d-or_<le roi-101>_5148,; et c' est moi qui suis véritablement lépreuse à
Schwob-Marcel_Le-roi-au-masque-d-or_<le roi-101>_5162,. Et le vieux mendiant lui répondit : – Sans
Schwob-Marcel_Le-roi-au-masque-d-or_<le roi-101>_5171,Sans doute le sang de son cœur qui avait jailli
Schwob-Marcel_Le-roi-au-masque-d-or_<le roi-101>_5177,cœur qui avait jailli par ses yeux avait guéri sa
Schwob-Marcel_Le-roi-au-masque-d-or_<le roi-101>_5181,par ses yeux avait guéri sa maladie . Et il
Schwob-Marcel_Le-roi-au-masque-d-or_<le roi-101>_5185,"guéri sa maladie . Et il est mort , pensant"
Schwob-Marcel_Le-roi-au-masque-d-or_<le roi-101>_5201,", à cette heure , il a déposé tous les"
Schwob-Marcel_Le-roi-au-masque-d-or_<une fillette de treize ans-1682>_34494,"tenant ma main , était une fillette de treize ans"
Schwob-Marcel_Le-roi-au-masque-d-or_<une fillette de treize ans-1682>_34500,fillette de treize ans ; ses cheveux fins couleur d'
Schwob-Marcel_Le-roi-au-masque-d-or_<une fillette de treize ans-1682>_34508,couleur d' or tombaient sur ses épaules et ses yeux
Schwob-Marcel_Le-roi-au-masque-d-or_<une fillette de treize ans-1682>_34511,tombaient sur ses épaules et ses yeux noirs brillaient de
Schwob-Marcel_Le-roi-au-masque-d-or_<une fillette de treize ans-1682>_34519,brillaient de satisfaction . Mais elle était maigre et menue
Schwob-Marcel_Le-roi-au-masque-d-or_<une fillette de treize ans-1682>_34526,"maigre et menue , et sa peau avait la nuance"
Schwob-Marcel_Le-roi-au-masque-d-or_<une fillette de treize ans-1682>_34537,"donne la faim . – Je m' appelle Maïe ,"
Schwob-Marcel_Le-roi-au-masque-d-or_<une fillette de treize ans-1682>_34543,"m' appelle Maïe , dit - elle , et ,"
Schwob-Marcel_Le-roi-au-masque-d-or_<une fillette de treize ans-1682>_34564,", affreux monstre , quand je t' ai pris la"
Schwob-Marcel_Le-roi-au-masque-d-or_<une fillette de treize ans-1682>_34574,"main ? » Puis , elle me mena autour de"
Schwob-Marcel_Le-roi-au-masque-d-or_<une fillette de treize ans-1682>_34586,". — « Bonjour , ma belle glace , dit"
Schwob-Marcel_Le-roi-au-masque-d-or_<une fillette de treize ans-1682>_34591,"ma belle glace , dit - elle ; tu es"
Schwob-Marcel_Le-roi-au-masque-d-or_<une fillette de treize ans-1682>_34594,", dit - elle ; tu es un peu cassée"
Schwob-Marcel_Le-roi-au-masque-d-or_<une fillette de treize ans-1682>_34612,un ami très gentil que je te présente . —
Schwob-Marcel_Le-roi-au-masque-d-or_<une fillette de treize ans-1682>_34613,ami très gentil que je te présente . — Bonjour
Schwob-Marcel_Le-roi-au-masque-d-or_<une fillette de treize ans-1682>_34619,"présente . — Bonjour , ma vilaine table , qui"
Schwob-Marcel_Le-roi-au-masque-d-or_<une fillette de treize ans-1682>_34630,"a que trois pattes ; tu es vilaine , mais"
Schwob-Marcel_Le-roi-au-masque-d-or_<une fillette de treize ans-1682>_34635,"tu es vilaine , mais je t' aime tout de"
Schwob-Marcel_Le-roi-au-masque-d-or_<une fillette de treize ans-1682>_34636,"es vilaine , mais je t' aime tout de même"
Schwob-Marcel_Le-roi-au-masque-d-or_<une fillette de treize ans-1682>_34645,"même . — Bonjour , ma cruche , qui n'"
Schwob-Marcel_Le-roi-au-masque-d-or_<une fillette de treize ans-1682>_34657,de gueule ; ça ne m' empêchera pas de t'
Schwob-Marcel_Le-roi-au-masque-d-or_<une fillette de treize ans-1682>_34661,ne m' empêchera pas de t' embrasser pour boire ton
Schwob-Marcel_Le-roi-au-masque-d-or_<une fillette de treize ans-1682>_34665,de t' embrasser pour boire ton eau . — Bonjour
Schwob-Marcel_Le-roi-au-masque-d-or_<une fillette de treize ans-1682>_34671,"eau . — Bonjour , mon chez - moi ,"
Schwob-Marcel_Le-roi-au-masque-d-or_<une fillette de treize ans-1682>_34676,"mon chez - moi , je te salue syndicalement :"
Schwob-Marcel_Le-roi-au-masque-d-or_<une fillette de treize ans-1682>_34677,"chez - moi , je te salue syndicalement : aujourd'"
Schwob-Marcel_Le-roi-au-masque-d-or_<une fillette de treize ans-1682>_34683,salue syndicalement : aujourd' hui j' ai de la société
Schwob-Marcel_Le-roi-au-masque-d-or_<une fillette de treize ans-1682>_34706,sur la pauvre table . Maïe me sauta au cou
Schwob-Marcel_Le-roi-au-masque-d-or_<une fillette de treize ans-1682>_34718,"Tu veux bien , dit - elle , je vais"
Schwob-Marcel_Le-roi-au-masque-d-or_<une fillette de treize ans-1682>_34721,", dit - elle , je vais chercher un grand"
Schwob-Marcel_Le-roi-au-masque-d-or_<une fillette de treize ans-1682>_34738,". — Au revoir , mon chez - moi :"
Schwob-Marcel_Le-roi-au-masque-d-or_<une fillette de treize ans-1682>_34743,mon chez - moi : soyez sage pendant mon absence
Schwob-Marcel_Le-roi-au-masque-d-or_<une fillette de treize ans-1682>_34746,moi : soyez sage pendant mon absence ; il y
Schwob-Marcel_Le-roi-au-masque-d-or_<une fillette de treize ans-1682>_34762,"dans le coin . » Elle remonta gravement , le"
Schwob-Marcel_Le-roi-au-masque-d-or_<une fillette de treize ans-1682>_34784,", et les mains tenant son tablier gonflé . Elle"
Schwob-Marcel_Le-roi-au-masque-d-or_<une fillette de treize ans-1682>_34788,tenant son tablier gonflé . Elle fit tout rouler par
Schwob-Marcel_Le-roi-au-masque-d-or_<une fillette de treize ans-1682>_34797,"par terre . « Vois - tu , dit -"
Schwob-Marcel_Le-roi-au-masque-d-or_<une fillette de treize ans-1682>_34801,"Vois - tu , dit - elle , j' ai"
Schwob-Marcel_Le-roi-au-masque-d-or_<une fillette de treize ans-1682>_34804,", dit - elle , j' ai acheté des marrons"
Schwob-Marcel_Le-roi-au-masque-d-or_<une fillette de treize ans-1682>_34812,des marrons ; comme ça je ne serai pas en
Schwob-Marcel_Le-roi-au-masque-d-or_<une fillette de treize ans-1682>_34826,", ça nourrit , et j' en ai pour mon"
Schwob-Marcel_Le-roi-au-masque-d-or_<une fillette de treize ans-1682>_34830,et j' en ai pour mon hiver . » Elle
Schwob-Marcel_Le-roi-au-masque-d-or_<une fillette de treize ans-1682>_34834,pour mon hiver . » Elle les rangea un à
Schwob-Marcel_Le-roi-au-masque-d-or_<une fillette de treize ans-1682>_34852,"de la table , leur rit avant de le fermer"
Schwob-Marcel_Le-roi-au-masque-d-or_<une fillette de treize ans-1682>_34858,avant de le fermer et s' assit sur le lit
Schwob-Marcel_Le-roi-au-masque-d-or_<une fillette de treize ans-1682>_34865,sur le lit . Puis elle prit le grand pain
Schwob-Marcel_Le-roi-au-masque-d-or_<une fillette de treize ans-1682>_34871,prit le grand pain et mordit à même le croûton
Schwob-Marcel_Le-roi-au-masque-d-or_<une fillette de treize ans-1682>_34880,"croûton ; à mesure qu' elle mangeait , sa petite"
Schwob-Marcel_Le-roi-au-masque-d-or_<une fillette de treize ans-1682>_34883,"mesure qu' elle mangeait , sa petite figure avançait dans"
Schwob-Marcel_Le-roi-au-masque-d-or_<une fillette de treize ans-1682>_34891,avançait dans la brèche et elle me regardait sans cesse
Schwob-Marcel_Le-roi-au-masque-d-or_<une fillette de treize ans-1682>_34892,"dans la brèche et elle me regardait sans cesse ,"
Schwob-Marcel_Le-roi-au-masque-d-or_<une fillette de treize ans-1682>_34900,"cesse , pour voir si je me moquais d' elle"
Schwob-Marcel_Le-roi-au-masque-d-or_<une fillette de treize ans-1682>_34904,si je me moquais d' elle . Quand elle eut
Schwob-Marcel_Le-roi-au-masque-d-or_<une fillette de treize ans-1682>_34907,"moquais d' elle . Quand elle eut mangé , elle"
Schwob-Marcel_Le-roi-au-masque-d-or_<une fillette de treize ans-1682>_34911,"Quand elle eut mangé , elle soupira . « J'"
Schwob-Marcel_Le-roi-au-masque-d-or_<une fillette de treize ans-1682>_34915,", elle soupira . « J' avais faim , dit"
Schwob-Marcel_Le-roi-au-masque-d-or_<une fillette de treize ans-1682>_34920,"J' avais faim , dit - elle . Et Michel"
Schwob-Marcel_Le-roi-au-masque-d-or_<une fillette de treize ans-1682>_34939,", ce garnement ? — Tu sais , Michel est"
Schwob-Marcel_Le-roi-au-masque-d-or_<une fillette de treize ans-1682>_34969,il est bossu ; il m' aide à faire mon
Schwob-Marcel_Le-roi-au-masque-d-or_<une fillette de treize ans-1682>_34973,il m' aide à faire mon feu et va me
Schwob-Marcel_Le-roi-au-masque-d-or_<une fillette de treize ans-1682>_34977,faire mon feu et va me chercher mon eau ;
Schwob-Marcel_Le-roi-au-masque-d-or_<une fillette de treize ans-1682>_34979,feu et va me chercher mon eau ; ça fait
Schwob-Marcel_Le-roi-au-masque-d-or_<une fillette de treize ans-1682>_34988,"fait qu' il mange avec moi , et je lui"
Schwob-Marcel_Le-roi-au-masque-d-or_<une fillette de treize ans-1682>_34991,"mange avec moi , et je lui donne des sous"
Schwob-Marcel_Le-roi-au-masque-d-or_<une fillette de treize ans-1682>_34998,"donne des sous , quand j' en ai . »"
Schwob-Marcel_Le-roi-au-masque-d-or_<une fillette de treize ans-1682>_35024,"Le voilà , » dit Maïe . Je vis entrer"
Schwob-Marcel_Le-roi-au-masque-d-or_<une fillette de treize ans-1682>_35026,", » dit Maïe . Je vis entrer un avorton"
Schwob-Marcel_Le-roi-au-masque-d-or_<une fillette de treize ans-1682>_35050,ouverte au vent : il me tira la langue et
Schwob-Marcel_Le-roi-au-masque-d-or_<une fillette de treize ans-1682>_35055,me tira la langue et me fit une longue grimace
Schwob-Marcel_Le-roi-au-masque-d-or_<une fillette de treize ans-1682>_35074,", reste tranquille , dit Maïe . Tu ferais mieux"
Schwob-Marcel_Le-roi-au-masque-d-or_<une fillette de treize ans-1682>_35076,"tranquille , dit Maïe . Tu ferais mieux d' écouter"
Schwob-Marcel_Le-roi-au-masque-d-or_<une fillette de treize ans-1682>_35083,mieux d' écouter Monsieur qui te parle . Va vite
Schwob-Marcel_Le-roi-au-masque-d-or_<une fillette de treize ans-1682>_35099,bouteille de vin doux que je lui demandais . Le
Schwob-Marcel_Le-roi-au-masque-d-or_<une fillette de treize ans-1682>_35136,"rôtissaient sur le couvercle : Maïe les avait mordues ,"
Schwob-Marcel_Le-roi-au-masque-d-or_<une fillette de treize ans-1682>_35152,. Elles éclataient parfois et Maïe les grondait : «
Schwob-Marcel_Le-roi-au-masque-d-or_<une fillette de treize ans-1682>_35170,pas sauter ? » Cependant elle recousait la doublure de
Schwob-Marcel_Le-roi-au-masque-d-or_<une fillette de treize ans-1682>_35195,"lueur du poêle tombait sur ses mains agiles , et"
Schwob-Marcel_Le-roi-au-masque-d-or_<une fillette de treize ans-1682>_35217,"à la chaleur . – Je couds , je couds"
Schwob-Marcel_Le-roi-au-masque-d-or_<une fillette de treize ans-1682>_35220,". – Je couds , je couds , dit Maïe"
Schwob-Marcel_Le-roi-au-masque-d-or_<une fillette de treize ans-1682>_35224,", je couds , dit Maïe . J' aurai cinq"
Schwob-Marcel_Le-roi-au-masque-d-or_<une fillette de treize ans-1682>_35226,"couds , dit Maïe . J' aurai cinq sous ."
Schwob-Marcel_Le-roi-au-masque-d-or_<une fillette de treize ans-1682>_35239,est bien payé ? Donne - moi un peu de
Schwob-Marcel_Le-roi-au-masque-d-or_<une fillette de treize ans-1682>_35253,. Bois le fond : je ne veux être ni
Schwob-Marcel_Le-roi-au-masque-d-or_<une fillette de treize ans-1682>_35263,mariée ni pendue . Dans son langage enfantin elle me
Schwob-Marcel_Le-roi-au-masque-d-or_<une fillette de treize ans-1682>_35266,. Dans son langage enfantin elle me conta sa vie
Schwob-Marcel_Le-roi-au-masque-d-or_<une fillette de treize ans-1682>_35269,langage enfantin elle me conta sa vie . Elle ne
Schwob-Marcel_Le-roi-au-masque-d-or_<une fillette de treize ans-1682>_35272,me conta sa vie . Elle ne savait ni bien
Schwob-Marcel_Le-roi-au-masque-d-or_<une fillette de treize ans-1682>_35281,"bien , ni mal . Elle avait erré dans la"
Schwob-Marcel_Le-roi-au-masque-d-or_<une fillette de treize ans-1682>_35302,". A neuf ans , elle était princesse au fond"
Schwob-Marcel_Le-roi-au-masque-d-or_<une fillette de treize ans-1682>_35329,or sur la tête . Elle savait encore des tirades
Schwob-Marcel_Le-roi-au-masque-d-or_<une fillette de treize ans-1682>_35335,"savait encore des tirades de ses rôles , et m'"
Schwob-Marcel_Le-roi-au-masque-d-or_<une fillette de treize ans-1682>_35341,"rôles , et m' en récita . « Oh !"
Schwob-Marcel_Le-roi-au-masque-d-or_<une fillette de treize ans-1682>_35354,"une belle pièce , dit - elle . Ça s'"
Schwob-Marcel_Le-roi-au-masque-d-or_<une fillette de treize ans-1682>_35361,". Ça s' appelait , je crois , le Pays"
Schwob-Marcel_Le-roi-au-masque-d-or_<une fillette de treize ans-1682>_35403,les bêtes bleues . Et je disais : « Prince
Schwob-Marcel_Le-roi-au-masque-d-or_<une fillette de treize ans-1682>_35414,voici le palais du roi mon père ; il est
Schwob-Marcel_Le-roi-au-masque-d-or_<une fillette de treize ans-1682>_35441,. Si vous voulez obtenir ma main … » Hou
Schwob-Marcel_Le-roi-au-masque-d-or_<une fillette de treize ans-1682>_35482,a un pays bleu ? Je suis sûre que j'
Schwob-Marcel_Le-roi-au-masque-d-or_<une fillette de treize ans-1682>_35486,? Je suis sûre que j' y serais ; mais
Schwob-Marcel_Le-roi-au-masque-d-or_<une fillette de treize ans-1682>_35502,les gars qui jouaient avec moi . On prétend qu'
Schwob-Marcel_Le-roi-au-masque-d-or_<une fillette de treize ans-1682>_35537,"ça ne fait rien , je ne me rappelle plus"
Schwob-Marcel_Le-roi-au-masque-d-or_<une fillette de treize ans-1682>_35544,me rappelle plus — mais je ne les ai pas
Schwob-Marcel_Le-roi-au-masque-d-or_<une fillette de treize ans-1682>_35553,pas revus . Et depuis je demeure en ville ;
Schwob-Marcel_Le-roi-au-masque-d-or_<une fillette de treize ans-1682>_35583,boutiques noires . » Ainsi elle jasait ; puis elle
Schwob-Marcel_Le-roi-au-masque-d-or_<une fillette de treize ans-1682>_35587,Ainsi elle jasait ; puis elle se mit en colère
Schwob-Marcel_Le-roi-au-masque-d-or_<une fillette de treize ans-1682>_35596,"colère : « Michel , je t' ai défendu de"
Schwob-Marcel_Le-roi-au-masque-d-or_<une fillette de treize ans-1682>_35597,": « Michel , je t' ai défendu de salir"
Schwob-Marcel_Le-roi-au-masque-d-or_<une fillette de treize ans-1682>_35605,de salir la chambre avec tes épluchures . Ramasse -
Schwob-Marcel_Le-roi-au-masque-d-or_<une fillette de treize ans-1682>_35618,gueux ! Tiens ! » Elle ôta une bottine et
Schwob-Marcel_Le-roi-au-masque-d-or_<une fillette de treize ans-1682>_35625,une bottine et la lui jeta à la tête .
Schwob-Marcel_Le-roi-au-masque-d-or_<une fillette de treize ans-1682>_35630,"jeta à la tête . Sa figure était rouge ,"
Schwob-Marcel_Le-roi-au-masque-d-or_<une fillette de treize ans-1682>_35636,"figure était rouge , et ses yeux étincelants . –"
Schwob-Marcel_Le-roi-au-masque-d-or_<une fillette de treize ans-1682>_35641,ses yeux étincelants . – Tu ne peux pas te
Schwob-Marcel_Le-roi-au-masque-d-or_<une fillette de treize ans-1682>_35652,comme il est méchant . J' en endure avec lui
Schwob-Marcel_Le-roi-au-masque-d-or_<une fillette de treize ans-1682>_35660,"avec lui ! Cependant , je dus quitter la petite"
Schwob-Marcel_Le-roi-au-masque-d-or_<une fillette de treize ans-1682>_35668,la petite Maïe ; mais je promis de revenir .
Schwob-Marcel_Le-roi-au-masque-d-or_<une fillette de treize ans-1682>_35673,je promis de revenir . Je la voyais chaque jour
Schwob-Marcel_Le-roi-au-masque-d-or_<une fillette de treize ans-1682>_35674,"promis de revenir . Je la voyais chaque jour ,"
Schwob-Marcel_Le-roi-au-masque-d-or_<une fillette de treize ans-1682>_35680,"voyais chaque jour , et elle cousait sans cesse ,"
Schwob-Marcel_Le-roi-au-masque-d-or_<une fillette de treize ans-1682>_35686,"cousait sans cesse , devant son poêle . Maintenant elle"
Schwob-Marcel_Le-roi-au-masque-d-or_<une fillette de treize ans-1682>_35690,devant son poêle . Maintenant elle assemblait de singuliers costumes
Schwob-Marcel_Le-roi-au-masque-d-or_<une fillette de treize ans-1682>_35701,des chiffons de couleur . Sa peau reprenait de la
Schwob-Marcel_Le-roi-au-masque-d-or_<une fillette de treize ans-1682>_35708,reprenait de la vie ; Maïe mangeait enfin . Mais
Schwob-Marcel_Le-roi-au-masque-d-or_<une fillette de treize ans-1682>_35713,"Maïe mangeait enfin . Mais elle devenait triste , à"
Schwob-Marcel_Le-roi-au-masque-d-or_<une fillette de treize ans-1682>_35726,misère s' en allait . Elle regardait tomber la pluie
Schwob-Marcel_Le-roi-au-masque-d-or_<une fillette de treize ans-1682>_35740,"vilain monstre » , disait - elle , l' œil"
Schwob-Marcel_Le-roi-au-masque-d-or_<une fillette de treize ans-1682>_35761,"bâillant la porte , je la vis devant la glace"
Schwob-Marcel_Le-roi-au-masque-d-or_<une fillette de treize ans-1682>_35768,"devant la glace brisée , ses cheveux d' or sur"
Schwob-Marcel_Le-roi-au-masque-d-or_<une fillette de treize ans-1682>_35792,"sur la tête . Quand elle m' entendit , elle"
Schwob-Marcel_Le-roi-au-masque-d-or_<une fillette de treize ans-1682>_35796,"Quand elle m' entendit , elle la cacha . «"
Schwob-Marcel_Le-roi-au-masque-d-or_<une fillette de treize ans-1682>_35806,"Michel est méchant , dit - elle : il ferait"
Schwob-Marcel_Le-roi-au-masque-d-or_<un vieil homme à la barbe blanche hérissée-33>_643,"et d' or rouge , un vieil homme à la"
Schwob-Marcel_Le-roi-au-masque-d-or_<un vieil homme à la barbe blanche hérissée-33>_660,"pied du trône , et leva vers le roi une"
Schwob-Marcel_Le-roi-au-masque-d-or_<un vieil homme à la barbe blanche hérissée-33>_810,"vous étiez masqués ; et toi , roi au masque"
Schwob-Marcel_Le-roi-au-masque-d-or_<un vieil homme à la barbe blanche hérissée-33>_820,"d' or , dernier de ta race , tu n'"
Schwob-Marcel_Le-roi-au-masque-d-or_<un vieil homme à la barbe blanche hérissée-33>_823,"dernier de ta race , tu n' as jamais contemplé"
Schwob-Marcel_Le-roi-au-masque-d-or_<un vieil homme à la barbe blanche hérissée-33>_835,de chair . Écoute : tu es roi et tu
Schwob-Marcel_Le-roi-au-masque-d-or_<un vieil homme à la barbe blanche hérissée-33>_839,: tu es roi et tu ne connais pas les
Schwob-Marcel_Le-roi-au-masque-d-or_<un vieil homme à la barbe blanche hérissée-33>_893,femmes sont grimaçants . Or le roi se tourna vers
Schwob-Marcel_Le-roi-au-masque-d-or_<un vieil homme à la barbe blanche hérissée-33>_906,"mendiant nommait bouffons , et son regard trouva les masques"
Schwob-Marcel_Le-roi-au-masque-d-or_<un vieil homme à la barbe blanche hérissée-33>_918,souci des prêtres ; et il se tourna vers ceux
Schwob-Marcel_Le-roi-au-masque-d-or_<un vieil homme à la barbe blanche hérissée-33>_930,"mendiant nommait prêtres , et son regard trouva les masques"
Schwob-Marcel_Le-roi-au-masque-d-or_<un vieil homme à la barbe blanche hérissée-33>_942,rire des bouffons ; et il baissa les yeux vers
Schwob-Marcel_Le-roi-au-masque-d-or_<un vieil homme à la barbe blanche hérissée-33>_950,"yeux vers le croissant de ses femmes assises , et"
Schwob-Marcel_Le-roi-au-masque-d-or_<un vieil homme à la barbe blanche hérissée-33>_957,"assises , et leurs visages lui semblèrent beaux . –"
Schwob-Marcel_Le-roi-au-masque-d-or_<un vieil homme à la barbe blanche hérissée-33>_962,"lui semblèrent beaux . – Tu mens , homme étranger"
Schwob-Marcel_Le-roi-au-masque-d-or_<un vieil homme à la barbe blanche hérissée-33>_965,". – Tu mens , homme étranger , dit le"
Schwob-Marcel_Le-roi-au-masque-d-or_<un vieil homme à la barbe blanche hérissée-33>_969,", homme étranger , dit le roi ; et tu"
Schwob-Marcel_Le-roi-au-masque-d-or_<un vieil homme à la barbe blanche hérissée-33>_973,dit le roi ; et tu es toi - même
Schwob-Marcel_Le-roi-au-masque-d-or_<un vieil homme à la barbe blanche hérissée-33>_975,roi ; et tu es toi - même le rieur
Schwob-Marcel_Le-roi-au-masque-d-or_<un vieil homme à la barbe blanche hérissée-33>_978,"tu es toi - même le rieur , le pleureur"
Schwob-Marcel_Le-roi-au-masque-d-or_<un vieil homme à la barbe blanche hérissée-33>_989,"et le grimaçant ; car ton horrible visage , incapable"
Schwob-Marcel_Le-roi-au-masque-d-or_<un vieil homme à la barbe blanche hérissée-33>_1007,de dissimuler . Ceux que tu as désignés comme les
Schwob-Marcel_Le-roi-au-masque-d-or_<un vieil homme à la barbe blanche hérissée-33>_1014,"désignés comme les bouffons sont mes prêtres , et ceux"
Schwob-Marcel_Le-roi-au-masque-d-or_<un vieil homme à la barbe blanche hérissée-33>_1020,"prêtres , et ceux que tu as désignés comme les"
Schwob-Marcel_Le-roi-au-masque-d-or_<un vieil homme à la barbe blanche hérissée-33>_1027,désignés comme les prêtres sont mes bouffons . Et comment
Schwob-Marcel_Le-roi-au-masque-d-or_<un vieil homme à la barbe blanche hérissée-33>_1033,"bouffons . Et comment pourrais - tu juger , toi"
Schwob-Marcel_Le-roi-au-masque-d-or_<un vieil homme à la barbe blanche hérissée-33>_1037,"pourrais - tu juger , toi dont la figure se"
Schwob-Marcel_Le-roi-au-masque-d-or_<un vieil homme à la barbe blanche hérissée-33>_1038,"- tu juger , toi dont la figure se plisse"
Schwob-Marcel_Le-roi-au-masque-d-or_<un vieil homme à la barbe blanche hérissée-33>_1052,de la beauté immuable de mes femmes ? – Ni
Schwob-Marcel_Le-roi-au-masque-d-or_<un vieil homme à la barbe blanche hérissée-33>_1068,"de la tienne , dit le mendiant à voix basse"
Schwob-Marcel_Le-roi-au-masque-d-or_<un vieil homme à la barbe blanche hérissée-33>_1075,"à voix basse , car je n' en puis rien"
Schwob-Marcel_Le-roi-au-masque-d-or_<un vieil homme à la barbe blanche hérissée-33>_1086,", étant aveugle , et toi - même tu ne"
Schwob-Marcel_Le-roi-au-masque-d-or_<un vieil homme à la barbe blanche hérissée-33>_1089,", et toi - même tu ne sais rien ni"
Schwob-Marcel_Le-roi-au-masque-d-or_<un vieil homme à la barbe blanche hérissée-33>_1098,ni des autres ni de ta personne . Mais je
Schwob-Marcel_Le-roi-au-masque-d-or_<un vieil homme à la barbe blanche hérissée-33>_1102,de ta personne . Mais je suis supérieur à toi
Schwob-Marcel_Le-roi-au-masque-d-or_<un vieil homme à la barbe blanche hérissée-33>_1106,Mais je suis supérieur à toi en ceci : je
Schwob-Marcel_Le-roi-au-masque-d-or_<un vieil homme à la barbe blanche hérissée-33>_1110,à toi en ceci : je sais que je ne
Schwob-Marcel_Le-roi-au-masque-d-or_<un vieil homme à la barbe blanche hérissée-33>_1113,ceci : je sais que je ne sais rien .
Schwob-Marcel_Le-roi-au-masque-d-or_<un vieil homme à la barbe blanche hérissée-33>_1119,ne sais rien . Et je puis conjecturer . Or
Schwob-Marcel_Le-roi-au-masque-d-or_<un vieil homme à la barbe blanche hérissée-33>_1130,- être que ceux qui te paraissent des bouffons pleurent
Schwob-Marcel_Le-roi-au-masque-d-or_<un vieil homme à la barbe blanche hérissée-33>_1146,est possible que ceux qui te semblent des prêtres aient
Schwob-Marcel_Le-roi-au-masque-d-or_<un vieil homme à la barbe blanche hérissée-33>_1159,tordu par la joie de te tromper ; et tu
Schwob-Marcel_Le-roi-au-masque-d-or_<un vieil homme à la barbe blanche hérissée-33>_1163,de te tromper ; et tu ignores si les joues
Schwob-Marcel_Le-roi-au-masque-d-or_<un vieil homme à la barbe blanche hérissée-33>_1169,ignores si les joues de tes femmes ne sont pas
Schwob-Marcel_Le-roi-au-masque-d-or_<un vieil homme à la barbe blanche hérissée-33>_1182,"sous la soie . Et toi - même , roi"
Schwob-Marcel_Le-roi-au-masque-d-or_<un vieil homme à la barbe blanche hérissée-33>_1186,"Et toi - même , roi masqué d' or ,"
Schwob-Marcel_Le-roi-au-masque-d-or_<un vieil homme à la barbe blanche hérissée-33>_1194,"or , qui sait si tu n' es pas horrible"
Schwob-Marcel_Le-roi-au-masque-d-or_<un vieil homme à la barbe blanche hérissée-33>_1200,n' es pas horrible malgré ta parure ? Alors celui
Schwob-Marcel_Le-roi-au-masque-d-or_<un vieil homme à la barbe blanche hérissée-33>_1253,des femmes tressaillirent . Et le roi à la figure
Schwob-Marcel_Le-roi-au-masque-d-or_<un vieil homme à la barbe blanche hérissée-33>_1294,La nuit se passa et le roi fut inquiet pendant
Schwob-Marcel_Le-roi-au-masque-d-or_<un vieil homme à la barbe blanche hérissée-33>_1299,le roi fut inquiet pendant son sommeil . Et le
Schwob-Marcel_Le-roi-au-masque-d-or_<un vieil homme à la barbe blanche hérissée-33>_1305,sommeil . Et le matin il erra par son palais
Schwob-Marcel_Le-roi-au-masque-d-or_<un vieil homme à la barbe blanche hérissée-33>_1308,"le matin il erra par son palais , parce qu'"
Schwob-Marcel_Le-roi-au-masque-d-or_<un vieil homme à la barbe blanche hérissée-33>_1319,désir mauvais avait rampé dans son cœur . Mais ni
Schwob-Marcel_Le-roi-au-masque-d-or_<un vieil homme à la barbe blanche hérissée-33>_1349,"et dorées des fêtes , il ne trouva ce qu'"
Schwob-Marcel_Le-roi-au-masque-d-or_<un vieil homme à la barbe blanche hérissée-33>_1354,il ne trouva ce qu' il cherchait . Dans toute
Schwob-Marcel_Le-roi-au-masque-d-or_<un vieil homme à la barbe blanche hérissée-33>_1391,depuis de longues années . Le roi sur son trône
Schwob-Marcel_Le-roi-au-masque-d-or_<un vieil homme à la barbe blanche hérissée-33>_1394,années . Le roi sur son trône noir ne s'
Schwob-Marcel_Le-roi-au-masque-d-or_<un vieil homme à la barbe blanche hérissée-33>_1405,pas des bouffons et n' écouta pas les prêtres et
Schwob-Marcel_Le-roi-au-masque-d-or_<un vieil homme à la barbe blanche hérissée-33>_1411,pas les prêtres et ne regarda pas ses femmes :
Schwob-Marcel_Le-roi-au-masque-d-or_<un vieil homme à la barbe blanche hérissée-33>_1413,prêtres et ne regarda pas ses femmes : car il
Schwob-Marcel_Le-roi-au-masque-d-or_<un vieil homme à la barbe blanche hérissée-33>_1417,pas ses femmes : car il songeait à son visage
Schwob-Marcel_Le-roi-au-masque-d-or_<un vieil homme à la barbe blanche hérissée-33>_1420,: car il songeait à son visage . Quand le
Schwob-Marcel_Le-roi-au-masque-d-or_<un vieil homme à la barbe blanche hérissée-33>_1440,"de ses métaux sanglants , le roi quitta la salle"
Schwob-Marcel_Le-roi-au-masque-d-or_<un vieil homme à la barbe blanche hérissée-33>_1448,"la salle du brasier , écarta les gardes , traversa"
Schwob-Marcel_Le-roi-au-masque-d-or_<un vieil homme à la barbe blanche hérissée-33>_1452,", écarta les gardes , traversa rapidement les sept cours"
Schwob-Marcel_Le-roi-au-masque-d-or_<un vieil homme à la barbe blanche hérissée-33>_1465,"sept murailles étincelantes , et sortit obscurément dans la campagne"
Schwob-Marcel_Le-roi-au-masque-d-or_<un vieil homme à la barbe blanche hérissée-33>_1475,par une basse poterne . Il était tremblant et curieux
Schwob-Marcel_Le-roi-au-masque-d-or_<un vieil homme à la barbe blanche hérissée-33>_1481,était tremblant et curieux . Il savait qu' il allait
Schwob-Marcel_Le-roi-au-masque-d-or_<un vieil homme à la barbe blanche hérissée-33>_1484,curieux . Il savait qu' il allait rencontrer d' autres
Schwob-Marcel_Le-roi-au-masque-d-or_<un vieil homme à la barbe blanche hérissée-33>_1502,". Dans le fond de son âme , il voulait"
Schwob-Marcel_Le-roi-au-masque-d-or_<un vieil homme à la barbe blanche hérissée-33>_1505,"fond de son âme , il voulait être sûr de"
Schwob-Marcel_Le-roi-au-masque-d-or_<un vieil homme à la barbe blanche hérissée-33>_1510,il voulait être sûr de sa propre beauté . Pourquoi
Schwob-Marcel_Le-roi-au-masque-d-or_<un vieil homme à la barbe blanche hérissée-33>_1518,. Pourquoi ce misérable mendiant lui avait - il glissé
Schwob-Marcel_Le-roi-au-masque-d-or_<un vieil homme à la barbe blanche hérissée-33>_1529,doute dans la poitrine ? Le roi au masque d'
Schwob-Marcel_Le-roi-au-masque-d-or_<un vieil homme à la barbe blanche hérissée-33>_1566,fûts éclatants de blancheur . Le roi brisa quelques rameaux
Schwob-Marcel_Le-roi-au-masque-d-or_<un vieil homme à la barbe blanche hérissée-33>_1621,et des petites fleurs . Le roi retourna du pied
Schwob-Marcel_Le-roi-au-masque-d-or_<un vieil homme à la barbe blanche hérissée-33>_1672,"couronne de la berge , le roi émergeant des arbres"
Schwob-Marcel_Le-roi-au-masque-d-or_<un vieil homme à la barbe blanche hérissée-33>_1691,assise sur l' herbe ; le roi voyait ses cheveux
Schwob-Marcel_Le-roi-au-masque-d-or_<un vieil homme à la barbe blanche hérissée-33>_1786,de nuance pâle . Quand le roi vit ces yeux
Schwob-Marcel_Le-roi-au-masque-d-or_<un vieil homme à la barbe blanche hérissée-33>_1820,"caressée de lumière rose , il s' élança , transporté"
Schwob-Marcel_Le-roi-au-masque-d-or_<un vieil homme à la barbe blanche hérissée-33>_1831,vers la jeune fille et prit violemment ses mains .
Schwob-Marcel_Le-roi-au-masque-d-or_<un vieil homme à la barbe blanche hérissée-33>_1833,jeune fille et prit violemment ses mains . – Je
Schwob-Marcel_Le-roi-au-masque-d-or_<un vieil homme à la barbe blanche hérissée-33>_1837,"violemment ses mains . – Je voudrais , dit -"
Schwob-Marcel_Le-roi-au-masque-d-or_<un vieil homme à la barbe blanche hérissée-33>_1841,"– Je voudrais , dit - il , pour la"
Schwob-Marcel_Le-roi-au-masque-d-or_<un vieil homme à la barbe blanche hérissée-33>_1854,adorer une figure nue ; je voudrais ôter ce masque
Schwob-Marcel_Le-roi-au-masque-d-or_<un vieil homme à la barbe blanche hérissée-33>_1864,"d' or , puisqu' il me sépare de l' air"
Schwob-Marcel_Le-roi-au-masque-d-or_<un vieil homme à la barbe blanche hérissée-33>_1904,du masque royal . Cependant le roi défit impatiemment les
Schwob-Marcel_Le-roi-au-masque-d-or_<un vieil homme à la barbe blanche hérissée-33>_1971,fille retentit douloureusement au cœur du roi . Il courut
Schwob-Marcel_Le-roi-au-masque-d-or_<un vieil homme à la barbe blanche hérissée-33>_1974,au cœur du roi . Il courut sur la berge
Schwob-Marcel_Le-roi-au-masque-d-or_<un vieil homme à la barbe blanche hérissée-33>_1981,"sur la berge , se pencha vers l' eau du"
Schwob-Marcel_Le-roi-au-masque-d-or_<un vieil homme à la barbe blanche hérissée-33>_1990,"du fleuve , et de ses propres lèvres jaillit un"
Schwob-Marcel_Le-roi-au-masque-d-or_<un vieil homme à la barbe blanche hérissée-33>_2014,"bleues de l' horizon , il venait d' apercevoir une"
Schwob-Marcel_Le-roi-au-masque-d-or_<un vieil homme à la barbe blanche hérissée-33>_2038,"de hideux gonflements , et il connut aussitôt , au"
Schwob-Marcel_Le-roi-au-masque-d-or_<un vieil homme à la barbe blanche hérissée-33>_2050,"souvenir des livres , qu' il était lépreux . La"
Schwob-Marcel_Le-roi-au-masque-d-or_<un vieil homme à la barbe blanche hérissée-33>_2130,"se dissipaient lentement . Et le roi , debout ,"
Schwob-Marcel_Le-roi-au-masque-d-or_<un vieil homme à la barbe blanche hérissée-33>_2140,"gardait les bras écartés de son corps , comme s'"
Schwob-Marcel_Le-roi-au-masque-d-or_<un vieil homme à la barbe blanche hérissée-33>_2145,"son corps , comme s' il avait le dégoût de"
Schwob-Marcel_Le-roi-au-masque-d-or_<un vieil homme à la barbe blanche hérissée-33>_2153,dégoût de se toucher . Il releva le masque et
Schwob-Marcel_Le-roi-au-masque-d-or_<un vieil homme à la barbe blanche hérissée-33>_2159,releva le masque et le plaça sur son visage .
Schwob-Marcel_Le-roi-au-masque-d-or_<un vieil homme à la barbe blanche hérissée-33>_2161,masque et le plaça sur son visage . Semblant marcher
Schwob-Marcel_Le-roi-au-masque-d-or_<un vieil homme à la barbe blanche hérissée-33>_2169,"Semblant marcher en rêve , il se dirigea vers son"
Schwob-Marcel_Le-roi-au-masque-d-or_<un vieil homme à la barbe blanche hérissée-33>_2173,", il se dirigea vers son palais . Il frappa"
Schwob-Marcel_Le-roi-au-masque-d-or_<un vieil homme à la barbe blanche hérissée-33>_2176,dirigea vers son palais . Il frappa sur le gong
Schwob-Marcel_Le-roi-au-masque-d-or_<un vieil homme à la barbe blanche hérissée-33>_2202,leurs torches . Ils éclairèrent sa face d' or ;
Schwob-Marcel_Le-roi-au-masque-d-or_<un vieil homme à la barbe blanche hérissée-33>_2208,face d' or ; et le roi avait le cœur
Schwob-Marcel_Le-roi-au-masque-d-or_<un vieil homme à la barbe blanche hérissée-33>_2230,des écailles blanches . Et il traversa la cour baignée
Schwob-Marcel_Le-roi-au-masque-d-or_<un vieil homme à la barbe blanche hérissée-33>_2241,lune ; et sept fois il eut le cœur étreint
Schwob-Marcel_Le-roi-au-masque-d-or_<un vieil homme à la barbe blanche hérissée-33>_2261,portèrent les torches rouges à son masque d' or .
Schwob-Marcel_Le-roi-au-masque-d-or_<un vieil homme à la barbe blanche hérissée-33>_2271,"Cependant la peine croissait en lui avec la rage ,"
Schwob-Marcel_Le-roi-au-masque-d-or_<un vieil homme à la barbe blanche hérissée-33>_2301,"de la rage vinrent sur ses lèvres , et il"
Schwob-Marcel_Le-roi-au-masque-d-or_<un vieil homme à la barbe blanche hérissée-33>_2305,"sur ses lèvres , et il en goûta le suc"
Schwob-Marcel_Le-roi-au-masque-d-or_<un vieil homme à la barbe blanche hérissée-33>_2312,goûta le suc amer . Il entra dans le palais
Schwob-Marcel_Le-roi-au-masque-d-or_<un vieil homme à la barbe blanche hérissée-33>_2322,", et le garde à sa gauche tourna sur la"
Schwob-Marcel_Le-roi-au-masque-d-or_<un vieil homme à la barbe blanche hérissée-33>_2353,; et le garde à sa droite tourna sur la
Schwob-Marcel_Le-roi-au-masque-d-or_<un vieil homme à la barbe blanche hérissée-33>_2386,sa masse diamantée . Et le roi ne se souvint
Schwob-Marcel_Le-roi-au-masque-d-or_<un vieil homme à la barbe blanche hérissée-33>_2401,"les cérémonies nocturnes ; mais il passa en frissonnant ,"
Schwob-Marcel_Le-roi-au-masque-d-or_<un vieil homme à la barbe blanche hérissée-33>_2417,armes voulaient abattre ou fendre sa hideuse tête gonflée .
Schwob-Marcel_Le-roi-au-masque-d-or_<un vieil homme à la barbe blanche hérissée-33>_2451,larmes froides de résine . Le roi traversa les salles
Schwob-Marcel_Le-roi-au-masque-d-or_<un tueur de loups-200>_5653,"à crête blanche . Cependant un tueur de loups ,"
Schwob-Marcel_Le-roi-au-masque-d-or_<un tueur de loups-200>_5661,"loups , nommé Odjigh , qui vivait dans une tanière"
Schwob-Marcel_Le-roi-au-masque-d-or_<un tueur de loups-200>_5668,dans une tanière profonde et possédait une hache verte de
Schwob-Marcel_Le-roi-au-masque-d-or_<un tueur de loups-200>_5706,"l' est du Minnesota , il jeta ses regards vers"
Schwob-Marcel_Le-roi-au-masque-d-or_<un tueur de loups-200>_5708,"du Minnesota , il jeta ses regards vers les régions"
Schwob-Marcel_Le-roi-au-masque-d-or_<un tueur de loups-200>_5724,amasser . Au fond de sa grotte glacée il prit
Schwob-Marcel_Le-roi-au-masque-d-or_<un tueur de loups-200>_5727,fond de sa grotte glacée il prit le calumet sacré
Schwob-Marcel_Le-roi-au-masque-d-or_<un tueur de loups-200>_5739,"la pierre blanche , l' emplit d' herbes odorantes d'"
Schwob-Marcel_Le-roi-au-masque-d-or_<un tueur de loups-200>_5753,"élève en couronnes , et souffla l' encens divin dans"
Schwob-Marcel_Le-roi-au-masque-d-or_<un tueur de loups-200>_5786,"que se mit en marche Odjigh , le tueur de"
Schwob-Marcel_Le-roi-au-masque-d-or_<un tueur de loups-200>_5788,"mit en marche Odjigh , le tueur de loups ."
Schwob-Marcel_Le-roi-au-masque-d-or_<un tueur de loups-200>_5793,le tueur de loups . Il couvrit sa figure d'
Schwob-Marcel_Le-roi-au-masque-d-or_<un tueur de loups-200>_5795,de loups . Il couvrit sa figure d' une peau
Schwob-Marcel_Le-roi-au-masque-d-or_<un tueur de loups-200>_5818,"balançait au - dessus de sa tête , attacha autour"
Schwob-Marcel_Le-roi-au-masque-d-or_<un tueur de loups-200>_5821,"dessus de sa tête , attacha autour de sa taille"
Schwob-Marcel_Le-roi-au-masque-d-or_<un tueur de loups-200>_5824,"tête , attacha autour de sa taille avec une lanière"
Schwob-Marcel_Le-roi-au-masque-d-or_<un tueur de loups-200>_5847,"graisse , et , balançant sa hache de jade vert"
Schwob-Marcel_Le-roi-au-masque-d-or_<un tueur de loups-200>_5853,"hache de jade vert , il se dirigea vers les"
Schwob-Marcel_Le-roi-au-masque-d-or_<un tueur de loups-200>_5865,"amoncelés à l' horizon . Il passait , et autour"
Schwob-Marcel_Le-roi-au-masque-d-or_<un tueur de loups-200>_5871,"passait , et autour de lui la vie s' éteignait"
Schwob-Marcel_Le-roi-au-masque-d-or_<un tueur de loups-200>_5917,d' une route monumentale . Odjigh regrettait dans son cœur
Schwob-Marcel_Le-roi-au-masque-d-or_<un tueur de loups-200>_5920,monumentale . Odjigh regrettait dans son cœur le frétillement des
Schwob-Marcel_Le-roi-au-masque-d-or_<un tueur de loups-200>_6028,"dessus tous les animaux , il regrettait les loups féroces"
Schwob-Marcel_Le-roi-au-masque-d-or_<un tueur de loups-200>_6073,lune . Voici que sur sa gauche apparut une bête
Schwob-Marcel_Le-roi-au-masque-d-or_<un tueur de loups-200>_6105,", le poil dépenaillé . Odjigh le vit et se"
Schwob-Marcel_Le-roi-au-masque-d-or_<un tueur de loups-200>_6109,". Odjigh le vit et se réjouit , sans songer"
Schwob-Marcel_Le-roi-au-masque-d-or_<un tueur de loups-200>_6110,"Odjigh le vit et se réjouit , sans songer à"
Schwob-Marcel_Le-roi-au-masque-d-or_<un tueur de loups-200>_6129,", avança de front avec lui . Puis , sur"
Schwob-Marcel_Le-roi-au-masque-d-or_<un tueur de loups-200>_6137,", sur la droite d' Odjigh sortit subitement d' un"
Schwob-Marcel_Le-roi-au-masque-d-or_<un tueur de loups-200>_6153,"yeux insondables . Il regardait Odjigh de côté , craintivement"
Schwob-Marcel_Le-roi-au-masque-d-or_<un tueur de loups-200>_6165,rampait avec inquiétude . Mais le tueur de loups se
Schwob-Marcel_Le-roi-au-masque-d-or_<un tueur de loups-200>_6182,"et le Lynx . Comme il avançait , sa poche"
Schwob-Marcel_Le-roi-au-masque-d-or_<un tueur de loups-200>_6185,". Comme il avançait , sa poche de viande battant"
Schwob-Marcel_Le-roi-au-masque-d-or_<un tueur de loups-200>_6191,"poche de viande battant contre son flanc , il entendit"
Schwob-Marcel_Le-roi-au-masque-d-or_<un tueur de loups-200>_6194,"battant contre son flanc , il entendit derrière lui un"
Schwob-Marcel_Le-roi-au-masque-d-or_<un tueur de loups-200>_6197,"flanc , il entendit derrière lui un faible hurlement de"
Schwob-Marcel_Le-roi-au-masque-d-or_<un tueur de loups-200>_6216,"d' une voix connue , il vit un Loup osseux"
Schwob-Marcel_Le-roi-au-masque-d-or_<un tueur de loups-200>_6225,osseux qui suivait tristement . Odjigh eut pitié de tous
Schwob-Marcel_Le-roi-au-masque-d-or_<un tueur de loups-200>_6232,pitié de tous ceux auxquels il avait fendu le crâne
Schwob-Marcel_Le-roi-au-masque-d-or_<un tueur de loups-200>_6252,yeux étaient rouges . Ainsi le tueur continua sa route
Schwob-Marcel_Le-roi-au-masque-d-or_<un tueur de loups-200>_6255,. Ainsi le tueur continua sa route avec ses compagnons
Schwob-Marcel_Le-roi-au-masque-d-or_<un tueur de loups-200>_6258,"tueur continua sa route avec ses compagnons animaux , le"
Schwob-Marcel_Le-roi-au-masque-d-or_<un tueur de loups-200>_6266,", le Blaireau souterrain à sa gauche , et le"
Schwob-Marcel_Le-roi-au-masque-d-or_<un tueur de loups-200>_6278,"voit tout sur terre à sa droite , et le"
Schwob-Marcel_Le-roi-au-masque-d-or_<un tueur de loups-200>_6288,Loup au ventre affamé derrière lui . Ils arrivèrent au
Schwob-Marcel_Le-roi-au-masque-d-or_<un tueur de loups-200>_6316,"sa glace . Et là Odjigh , le tueur de"
Schwob-Marcel_Le-roi-au-masque-d-or_<un tueur de loups-200>_6318,". Et là Odjigh , le tueur de loups ,"
Schwob-Marcel_Le-roi-au-masque-d-or_<un tueur de loups-200>_6329,assit sur un bloc et plaça devant lui le calumet
Schwob-Marcel_Le-roi-au-masque-d-or_<un tueur de loups-200>_6331,un bloc et plaça devant lui le calumet de pierre
Schwob-Marcel_Le-roi-au-masque-d-or_<un tueur de loups-200>_6341,". Et devant chacun de ses compagnons vivants , il"
Schwob-Marcel_Le-roi-au-masque-d-or_<un tueur de loups-200>_6345,"de ses compagnons vivants , il plaça un bloc de"
Schwob-Marcel_Le-roi-au-masque-d-or_<un tueur de loups-200>_6352,un bloc de glace qu' il creusa avec l' angle
Schwob-Marcel_Le-roi-au-masque-d-or_<un tueur de loups-200>_6358,"creusa avec l' angle de sa hache , semblable à"
Schwob-Marcel_Le-roi-au-masque-d-or_<un tueur de loups-200>_6376,. Dans les quatre calumets il tassa les herbes odoriférantes
Schwob-Marcel_Le-roi-au-masque-d-or_<un tueur de loups-200>_6383,les herbes odoriférantes ; puis il frappa l' une contre
Schwob-Marcel_Le-roi-au-masque-d-or_<un tueur de loups-200>_6466,spire grise du calumet d' Odjigh monta vers le Nord
Schwob-Marcel_Le-roi-au-masque-d-or_<un tueur de loups-200>_6472,monta vers le Nord . Le tueur de loups se
Schwob-Marcel_Le-roi-au-masque-d-or_<un tueur de loups-200>_6487,", regardant à gauche , il s' attrista : car"
Schwob-Marcel_Le-roi-au-masque-d-or_<un tueur de loups-200>_6510,", regardant à droite , il regretta le Lynx ,"
Schwob-Marcel_Le-roi-au-masque-d-or_<un tueur de loups-200>_6527,fuyait vers l' Est . Il pensait en effet que
Schwob-Marcel_Le-roi-au-masque-d-or_<un tueur de loups-200>_6551,"lui est assigné . Néanmoins il marcha hardiment , ayant"
Schwob-Marcel_Le-roi-au-masque-d-or_<un tueur de loups-200>_6557,"marcha hardiment , ayant derrière lui le Loup affamé ,"
Schwob-Marcel_Le-roi-au-masque-d-or_<un tueur de loups-200>_6567,"aux yeux rouges , dont il avait pitié . La"
Schwob-Marcel_Le-roi-au-masque-d-or_<un tueur de loups-200>_6595,"encore . Les pieds d' Odjigh saignaient , coupés par"
Schwob-Marcel_Le-roi-au-masque-d-or_<un tueur de loups-200>_6603,coupés par la glace et son sang se gelait en
Schwob-Marcel_Le-roi-au-masque-d-or_<un tueur de loups-200>_6612,en croûtes noires . Mais il avançait pendant des heures
Schwob-Marcel_Le-roi-au-masque-d-or_<un tueur de loups-200>_6643,", jetant les débris à son compagnon le Loup qui"
Schwob-Marcel_Le-roi-au-masque-d-or_<un tueur de loups-200>_6648,son compagnon le Loup qui le suivait . Odjigh marchait
Schwob-Marcel_Le-roi-au-masque-d-or_<un tueur de loups-200>_6651,Loup qui le suivait . Odjigh marchait avec une espérance
Schwob-Marcel_Le-roi-au-masque-d-or_<un tueur de loups-200>_6658,avec une espérance confuse . Il avait pitié du monde
Schwob-Marcel_Le-roi-au-masque-d-or_<un tueur de loups-200>_6676,"plantes qui périssaient , et il se sentait fort pour"
Schwob-Marcel_Le-roi-au-masque-d-or_<un tueur de loups-200>_6694,", à la fin , sa route fut arrêtée par"
Schwob-Marcel_Le-roi-au-masque-d-or_<un tueur de loups-200>_6786,douce et de neige . Odjigh saisit sa hache de
Schwob-Marcel_Le-roi-au-masque-d-or_<un tueur de loups-200>_6788,de neige . Odjigh saisit sa hache de jade vert
Schwob-Marcel_Le-roi-au-masque-d-or_<un tueur de loups-200>_6795,"de jade vert , et tailla des marches dans les"
Schwob-Marcel_Le-roi-au-masque-d-or_<un tueur de loups-200>_6802,marches dans les escarpements . Il s' éleva ainsi lentement
Schwob-Marcel_Le-roi-au-masque-d-or_<un tueur de loups-200>_6814,"une hauteur prodigieuse , où il lui semblait que sa"
Schwob-Marcel_Le-roi-au-masque-d-or_<un tueur de loups-200>_6815,"hauteur prodigieuse , où il lui semblait que sa tête"
Schwob-Marcel_Le-roi-au-masque-d-or_<un tueur de loups-200>_6818,où il lui semblait que sa tête était enveloppée de
Schwob-Marcel_Le-roi-au-masque-d-or_<un tueur de loups-200>_6842,"juste au - dessous de lui , le Loup était"
Schwob-Marcel_Le-roi-au-masque-d-or_<un tueur de loups-200>_6854,attendait avec confiance . Lorsqu' il crut être arrivé à
Schwob-Marcel_Le-roi-au-masque-d-or_<un tueur de loups-200>_6862,"arrivé à la crête , il vit qu' elle était"
Schwob-Marcel_Le-roi-au-masque-d-or_<un tueur de loups-200>_6886,"aller au delà . Mais il regarda derrière lui ,"
Schwob-Marcel_Le-roi-au-masque-d-or_<un tueur de loups-200>_6889,". Mais il regarda derrière lui , et il vit"
Schwob-Marcel_Le-roi-au-masque-d-or_<un tueur de loups-200>_6892,"regarda derrière lui , et il vit la bête vivante"
Schwob-Marcel_Le-roi-au-masque-d-or_<un tueur de loups-200>_6904,La pitié du monde animé lui donna des forces .
Schwob-Marcel_Le-roi-au-masque-d-or_<un tueur de loups-200>_6909,lui donna des forces . Il plongea sa hache de
Schwob-Marcel_Le-roi-au-masque-d-or_<un tueur de loups-200>_6911,des forces . Il plongea sa hache de jade dans
Schwob-Marcel_Le-roi-au-masque-d-or_<un tueur de loups-200>_6921,"la muraille bleue , et creusa la glace . Les"
Schwob-Marcel_Le-roi-au-masque-d-or_<un tueur de loups-200>_6930,"Les éclats volaient autour de lui , multicolores . Il"
Schwob-Marcel_Le-roi-au-masque-d-or_<un tueur de loups-200>_6934,"de lui , multicolores . Il creusa pendant des heures"
Schwob-Marcel_Le-roi-au-masque-d-or_<un tueur de loups-200>_6943,heures et des heures . Ses membres étaient jaunes et
Schwob-Marcel_Le-roi-au-masque-d-or_<un tueur de loups-200>_6953,ridés par le froid . Sa poche de viande était
Schwob-Marcel_Le-roi-au-masque-d-or_<un tueur de loups-200>_6962,était flétrie depuis longtemps . Il avait mâché l' herbe
Schwob-Marcel_Le-roi-au-masque-d-or_<un tueur de loups-200>_6973,"du calumet , pour tromper sa faim , et ,"
Schwob-Marcel_Le-roi-au-masque-d-or_<un tueur de loups-200>_6984,"mécréant des Puissances Supérieures , il avait lancé le calumet"
Schwob-Marcel_Le-roi-au-masque-d-or_<un tueur de loups-200>_7001,à faire du feu . Il creusait . Il entendit
Schwob-Marcel_Le-roi-au-masque-d-or_<un tueur de loups-200>_7004,feu . Il creusait . Il entendit un grincement sec
Schwob-Marcel_Le-roi-au-masque-d-or_<un tueur de loups-200>_7010,entendit un grincement sec et cria : car il savait
Schwob-Marcel_Le-roi-au-masque-d-or_<un tueur de loups-200>_7013,sec et cria : car il savait que ce bruit
Schwob-Marcel_Le-roi-au-masque-d-or_<un tueur de loups-200>_7023,"venait de la lame de sa hache de jade ,"
Schwob-Marcel_Le-roi-au-masque-d-or_<un tueur de loups-200>_7036,"excessif allait fendre . Alors il la souleva et ,"
Schwob-Marcel_Le-roi-au-masque-d-or_<un tueur de loups-200>_7049,"rien pour la réchauffer , il l' enfonça puissamment dans"
Schwob-Marcel_Le-roi-au-masque-d-or_<un tueur de loups-200>_7054,il l' enfonça puissamment dans sa cuisse droite . La
Schwob-Marcel_Le-roi-au-masque-d-or_<un tueur de loups-200>_7068,de sang tiède . Et Odjigh creusa de nouveau la
Schwob-Marcel_Le-roi-au-masque-d-or_<un tueur de loups-200>_7081,"Le loup , assis derrière lui , lécha en gémissant"
Schwob-Marcel_Le-roi-au-masque-d-or_<un tueur de loups-200>_7136,et le souffle fort entoura Odjigh . Il entendit bruire
Schwob-Marcel_Le-roi-au-masque-d-or_<un tueur de loups-200>_7138,souffle fort entoura Odjigh . Il entendit bruire toutes les
Schwob-Marcel_Le-roi-au-masque-d-or_<un tueur de loups-200>_7149,"pousses du Printemps , et il sentit flamber l' Été"
Schwob-Marcel_Le-roi-au-masque-d-or_<un tueur de loups-200>_7160,Dans le grand courant qui le souleva il lui sembla
Schwob-Marcel_Le-roi-au-masque-d-or_<un tueur de loups-200>_7163,courant qui le souleva il lui sembla que toutes les
Schwob-Marcel_Le-roi-au-masque-d-or_<un tueur de loups-200>_7247,"et la ligne éclatante frappa Odjigh au cœur , comme"
Schwob-Marcel_Le-roi-au-masque-d-or_<un tueur de loups-200>_7256,comme un glaive rouge . Il tomba contre la muraille
Schwob-Marcel_Le-roi-au-masque-d-or_<un tueur de loups-200>_7292,", les pattes appuyées sur ses épaules , se mit"
Schwob-Marcel_Le-roi-au-masque-d-or_<un tueur de loups-200>_7298,"épaules , se mit à lui ronger la nuque ."
Schwob-Marcel_Le-roi-au-masque-d-or_<nous-1331>_27090,"d' y passer . Là nous souffrions la brume ,"
Schwob-Marcel_Le-roi-au-masque-d-or_<nous-1331>_27106,grosses lames de fond qui nous faisaient sauter la rame
Schwob-Marcel_Le-roi-au-masque-d-or_<nous-1331>_27125,paquets de mer qui trempaient notre biscuit : et le
Schwob-Marcel_Le-roi-au-masque-d-or_<nous-1331>_27131,biscuit : et le froid nous donnait faim ; nous
Schwob-Marcel_Le-roi-au-masque-d-or_<nous-1331>_27135,froid nous donnait faim ; nous n' avions que notre
Schwob-Marcel_Le-roi-au-masque-d-or_<nous-1331>_27139,; nous n' avions que notre soupe de dix heures
Schwob-Marcel_Le-roi-au-masque-d-or_<nous-1331>_27173,de vin maigre qu' on nous versait à la chiourme
Schwob-Marcel_Le-roi-au-masque-d-or_<nous-1331>_27179,versait à la chiourme ne nous réchauffait pas . Le
Schwob-Marcel_Le-roi-au-masque-d-or_<nous-1331>_27208,"« comites » , qui nous battent à la verge"
Schwob-Marcel_Le-roi-au-masque-d-or_<nous-1331>_27229,". Sous le pont , nous comptons six chambres pour"
Schwob-Marcel_Le-roi-au-masque-d-or_<nous-1331>_27241,"et la bouche , que nous appelons Gavon , Scandelat"
Schwob-Marcel_Le-roi-au-masque-d-or_<nous-1331>_27361,détournée de la baille . Nos camarades sur l' Océan
Schwob-Marcel_Le-roi-au-masque-d-or_<nous-1331>_27434,", et les envoie avec nous . Il n' y"
Schwob-Marcel_Le-roi-au-masque-d-or_<nous-1331>_27485,les deux yeux . Mais nous avions quelques joyeux compagnons
Schwob-Marcel_Le-roi-au-masque-d-or_<nous-1331>_27537,"- saulniers enduraient mieux que nous , étant accoutumés au"
Schwob-Marcel_Le-roi-au-masque-d-or_<nous-1331>_27571,ceux qui avaient été avec nous à Marseille n' allaient
Schwob-Marcel_Le-roi-au-masque-d-or_<nous-1331>_27575,avec nous à Marseille n' allaient point en ville avec
Schwob-Marcel_Le-roi-au-masque-d-or_<nous-1331>_27630,nuit du Mardi gras 1704 notre galère La Superbe était
Schwob-Marcel_Le-roi-au-masque-d-or_<nous-1331>_27658,"les officiers , avait invité nos trois « comites »"
Schwob-Marcel_Le-roi-au-masque-d-or_<nous-1331>_27664,trois « comites » et nous étions librement couchés sur
Schwob-Marcel_Le-roi-au-masque-d-or_<nous-1331>_27678,de pouvoir nous gratter sous nos vestes rouges et nos
Schwob-Marcel_Le-roi-au-masque-d-or_<nous-1331>_27682,sous nos vestes rouges et nos chemises de grosse toile
Schwob-Marcel_Le-roi-au-masque-d-or_<nous-1331>_27691,"toile , de pouvoir ôter nos bonnets et frotter nos"
Schwob-Marcel_Le-roi-au-masque-d-or_<nous-1331>_27695,ôter nos bonnets et frotter nos têtes rases aux bastingages
Schwob-Marcel_Le-roi-au-masque-d-or_<nous-1331>_27730,la verge s' abattait sur nos pauvres camarades . Quatre
Schwob-Marcel_Le-roi-au-masque-d-or_<nous-1331>_27767,"nœuds , allongés nus sur notre canon de bronze ,"
Schwob-Marcel_Le-roi-au-masque-d-or_<nous-1331>_27776,", le Coursier ; et nous les entendions gémir sous"
Schwob-Marcel_Le-roi-au-masque-d-or_<nous-1331>_27808,l' épaule . Chacun de nous est attaché à un
Schwob-Marcel_Le-roi-au-masque-d-or_<nous-1331>_27816,à un Turc ; et nous les appelons Vogue -
Schwob-Marcel_Le-roi-au-masque-d-or_<nous-1331>_27836,", étant plus experts que nous , comme maîtres -"
Schwob-Marcel_Le-roi-au-masque-d-or_<nous-1331>_27930,"Savoie , qui croisaient contre nous , sortant de Villa"
Schwob-Marcel_Le-roi-au-masque-d-or_<nous-1331>_27956,"à la dérive , et nous les coulions avec le"
Schwob-Marcel_Le-roi-au-masque-d-or_<nous-1331>_28000,"tandis que les feux que nous voyions étaient fixes ,"
Schwob-Marcel_Le-roi-au-masque-d-or_<nous-1331>_28083,"Vogue - avant , et nous soulevâmes notre chaîne ,"
Schwob-Marcel_Le-roi-au-masque-d-or_<nous-1331>_28085,"avant , et nous soulevâmes notre chaîne , chacun d'"
Schwob-Marcel_Le-roi-au-masque-d-or_<nous-1331>_28088,"nous soulevâmes notre chaîne , chacun d' une main ."
Schwob-Marcel_Le-roi-au-masque-d-or_<nous-1331>_28098,"Tendant l' oreille , il nous parut que les canots"
Schwob-Marcel_Le-roi-au-masque-d-or_<nous-1331>_28108,ballottaient contre la quille . Nous avançâmes en rampant jusqu'
Schwob-Marcel_Le-roi-au-masque-d-or_<nous-1331>_28129,"- dessus du bastingage , nous vîmes le caïque ,"
Schwob-Marcel_Le-roi-au-masque-d-or_<nous-1331>_28209,entraîna vers le bâbord . Nous marchâmes lentement entre les
Schwob-Marcel_Le-roi-au-masque-d-or_<nous-1331>_28218,"les corps endormis , serrant notre chaîne des doigts ."
Schwob-Marcel_Le-roi-au-masque-d-or_<nous-1331>_28230,canot était à bâbord . Nous y fûmes en un
Schwob-Marcel_Le-roi-au-masque-d-or_<nous-1331>_28274,"la lumière du fanal , nous avançâmes dans le sillage"
Schwob-Marcel_Le-roi-au-masque-d-or_<nous-1331>_28285,"caïque , qui balançait doucement notre canot . Nous tremblions"
Schwob-Marcel_Le-roi-au-masque-d-or_<nous-1331>_28288,balançait doucement notre canot . Nous tremblions dans l' ombre
Schwob-Marcel_Le-roi-au-masque-d-or_<nous-1331>_28308,d' un appel . Mais nous voyions plus clairement la
Schwob-Marcel_Le-roi-au-masque-d-or_<nous-1331>_28329,mer brisait son écume . Nous voyions aussi les feux
Schwob-Marcel_Le-roi-au-masque-d-or_<nous-1331>_28353,grandes masses livides devant lesquelles ils brûlaient . Et nous
Schwob-Marcel_Le-roi-au-masque-d-or_<nous-1331>_28357,lesquelles ils brûlaient . Et nous entendions le crépitement singulier
Schwob-Marcel_Le-roi-au-masque-d-or_<nous-1331>_28405,"encablure de la côte , nous vîmes que les masses"
Schwob-Marcel_Le-roi-au-masque-d-or_<nous-1331>_28445,"côté de chaque feu , nous aperçûmes des femmes qui"
Schwob-Marcel_Le-roi-au-masque-d-or_<nous-1331>_28463,"caïque touchait terre , que nous étions encore dans le"
Schwob-Marcel_Le-roi-au-masque-d-or_<nous-1331>_28508,"dans la nuit . Mais nous , à la vue"
Schwob-Marcel_Le-roi-au-masque-d-or_<nous-1331>_28532,"de ces feux crépitants , nous fûmes étreints d' horreur"
Schwob-Marcel_Le-roi-au-masque-d-or_<nous-1331>_28564,"vouloir aborder . Cependant que nous hésitions , une flamme"
Schwob-Marcel_Le-roi-au-masque-d-or_<nous-1331>_28593,retentit sur la galère ; nos camarades pleuraient maluré comme
Schwob-Marcel_Le-roi-au-masque-d-or_<nous-1331>_28606,", quand les officiers supérieurs nous visitent . Égarés ,"
Schwob-Marcel_Le-roi-au-masque-d-or_<nous-1331>_28611,"nous visitent . Égarés , nous reprîmes les rames ,"
Schwob-Marcel_Le-roi-au-masque-d-or_<nous-1331>_28617,"reprîmes les rames , et nous retournâmes vers la mer"
Schwob-Marcel_Le-roi-au-masque-d-or_<nous-1331>_28635,le choc contre la carène nous fit chanceler ; nous
Schwob-Marcel_Le-roi-au-masque-d-or_<nous-1331>_28639,carène nous fit chanceler ; nous nous glissâmes dans un
Schwob-Marcel_Le-roi-au-masque-d-or_<nous-1331>_28661,galériens sur le pont ; nous nous mêlâmes à nos
Schwob-Marcel_Le-roi-au-masque-d-or_<nous-1331>_28665,"; nous nous mêlâmes à nos camarades , tête basse"
Schwob-Marcel_Le-roi-au-masque-d-or_<nous-1331>_28727,"d' où il élève pour nous l' hostie , le"
Schwob-Marcel_Le-roi-au-masque-d-or_<nous-1331>_28754,"pour connaître les fuyards , nos compagnons de chaîne ."
Schwob-Marcel_Le-roi-au-masque-d-or_<nous-1331>_28763,. LA FLUTE LA TEMPÊTE NOUS AVAIT poussés très loin
Schwob-Marcel_Le-roi-au-masque-d-or_<nous-1331>_28771,très loin des côtes où nous avions accoutumé de faire
Schwob-Marcel_Le-roi-au-masque-d-or_<nous-1331>_28821,même au - dessus de nos têtes ; l' horizon
Schwob-Marcel_Le-roi-au-masque-d-or_<nous-1331>_28835,"une marque livide , et nous errions sur le pont"
Schwob-Marcel_Le-roi-au-masque-d-or_<nous-1331>_28945,qui couvraient les canons . Nous chassions ainsi sous le
Schwob-Marcel_Le-roi-au-masque-d-or_<nous-1331>_28952,ainsi sous le vent depuis notre dernière prise . Les
Schwob-Marcel_Le-roi-au-masque-d-or_<nous-1331>_29068,détrempés . Cet ouragan sinistre nous avait ôté le courage
Schwob-Marcel_Le-roi-au-masque-d-or_<nous-1331>_29076,le courage de déblayer . Nous attendions le jour pour
Schwob-Marcel_Le-roi-au-masque-d-or_<nous-1331>_29082,"attendions le jour pour reconnaître nos compagnons , et les"
Schwob-Marcel_Le-roi-au-masque-d-or_<nous-1331>_29125,"; et beaucoup d' entre nous , cramponnés autour ,"
Schwob-Marcel_Le-roi-au-masque-d-or_<nous-1331>_29156,". Si la boussole ne nous trompait pas , le"
Schwob-Marcel_Le-roi-au-masque-d-or_<nous-1331>_29174,et l' horizon désert ne nous donnaient aucun point de
Schwob-Marcel_Le-roi-au-masque-d-or_<nous-1331>_29187,carte marine . Une fois nous crûmes voir des élévations
Schwob-Marcel_Le-roi-au-masque-d-or_<nous-1331>_29205,des grèves pâles ; mais nous ne savions si les
Schwob-Marcel_Le-roi-au-masque-d-or_<nous-1331>_29236,. A de certains moments nous aperçûmes à travers la
Schwob-Marcel_Le-roi-au-masque-d-or_<nous-1331>_29261,de les éviter . Car nous nous savions signalés et
Schwob-Marcel_Le-roi-au-masque-d-or_<nous-1331>_29280,"des brûlots , ou si nous longions , sans les"
Schwob-Marcel_Le-roi-au-masque-d-or_<nous-1331>_29291,", des côtes inhospitalières , nous pouvions craindre les signaux"
Schwob-Marcel_Le-roi-au-masque-d-or_<nous-1331>_29300,signaux traîtres des naufrageurs . Nous passâmes le fleuve d'
Schwob-Marcel_Le-roi-au-masque-d-or_<nous-1331>_29321,embruns furent tièdes . Puis nous pénétrâmes de nouveau dans
Schwob-Marcel_Le-roi-au-masque-d-or_<nous-1331>_29342,"ignorant ce que l' avenir nous réservait , fit siffler"
Schwob-Marcel_Le-roi-au-masque-d-or_<nous-1331>_29362,"hommes tenant des lanternes , notre troupe se réunit sur"
Schwob-Marcel_Le-roi-au-masque-d-or_<nous-1331>_29375,"et le capitaine d' armes nous divisa en groupes ,"
Schwob-Marcel_Le-roi-au-masque-d-or_<nous-1331>_29399,"sac à poudre , et nous annonça nos parts ."
Schwob-Marcel_Le-roi-au-masque-d-or_<nous-1331>_29401,"poudre , et nous annonça nos parts . Ainsi chacun"
Schwob-Marcel_Le-roi-au-masque-d-or_<nous-1331>_29414,"lui revenait du butin de notre croisière , tant sur"
Schwob-Marcel_Le-roi-au-masque-d-or_<nous-1331>_29458,"vaisseaux pillés . Puis on nous fit rompre , et"
Schwob-Marcel_Le-roi-au-masque-d-or_<nous-1331>_29463,"nous fit rompre , et nous nous écartâmes silencieusement ."
Schwob-Marcel_Le-roi-au-masque-d-or_<nous-1331>_29484,"ordinaire , mais près de notre îlot de refuge ,"
Schwob-Marcel_Le-roi-au-masque-d-or_<Charlot-1545>_31617,", oblique , acérée . Charlot la souffrit en silence"
Schwob-Marcel_Le-roi-au-masque-d-or_<Charlot-1545>_31627,". Les gouttes pendaient à sa casquette , et de"
Schwob-Marcel_Le-roi-au-masque-d-or_<Charlot-1545>_31636,de longues raies humides marquaient son menton . Quand ses
Schwob-Marcel_Le-roi-au-masque-d-or_<Charlot-1545>_31640,marquaient son menton . Quand ses avant - bras furent
Schwob-Marcel_Le-roi-au-masque-d-or_<Charlot-1545>_31647,"- bras furent mouillés , il eut un frémissement le"
Schwob-Marcel_Le-roi-au-masque-d-or_<Charlot-1545>_31657,"long du dos , et sentit le besoin de parler"
Schwob-Marcel_Le-roi-au-masque-d-or_<Charlot-1545>_31663,le besoin de parler . Il toucha son compagnon .
Schwob-Marcel_Le-roi-au-masque-d-or_<Charlot-1545>_31665,de parler . Il toucha son compagnon . – Quoi
Schwob-Marcel_Le-roi-au-masque-d-or_<Charlot-1545>_31672,". – Quoi , dit l' homme , il n'"
Schwob-Marcel_Le-roi-au-masque-d-or_<Charlot-1545>_31693,"est un grain , répondit Charlot , un grain dans"
Schwob-Marcel_Le-roi-au-masque-d-or_<Charlot-1545>_31719,"ben , oui , dit l' homme . Après ?"
Schwob-Marcel_Le-roi-au-masque-d-or_<Charlot-1545>_31724,l' homme . Après ? laisse - moi dormir .
Schwob-Marcel_Le-roi-au-masque-d-or_<Charlot-1545>_31725,homme . Après ? laisse - moi dormir . –
Schwob-Marcel_Le-roi-au-masque-d-or_<Charlot-1545>_31730,"- moi dormir . – Moi , je ne peux"
Schwob-Marcel_Le-roi-au-masque-d-or_<Charlot-1545>_31732,"dormir . – Moi , je ne peux pas ,"
Schwob-Marcel_Le-roi-au-masque-d-or_<Charlot-1545>_31738,"ne peux pas , reprit Charlot . Tout de même"
Schwob-Marcel_Le-roi-au-masque-d-or_<Charlot-1545>_31785,"Qu' est - ce que tu as pris , dis"
Schwob-Marcel_Le-roi-au-masque-d-or_<Charlot-1545>_31794,"dis — écoute ? – Tu le sais bien ,"
Schwob-Marcel_Le-roi-au-masque-d-or_<Charlot-1545>_31799,"Tu le sais bien , Charlot , ce que j'"
Schwob-Marcel_Le-roi-au-masque-d-or_<Charlot-1545>_31803,", Charlot , ce que j' ai pris . Tout"
Schwob-Marcel_Le-roi-au-masque-d-or_<Charlot-1545>_31810,pris . Tout ce que tu avais dit . Là
Schwob-Marcel_Le-roi-au-masque-d-or_<Charlot-1545>_31816,avais dit . Là . Je dors . J' en
Schwob-Marcel_Le-roi-au-masque-d-or_<Charlot-1545>_31819,Là . Je dors . J' en peux plus .
Schwob-Marcel_Le-roi-au-masque-d-or_<Charlot-1545>_31829,"– Après tout , dit Charlot , j' ai bien"
Schwob-Marcel_Le-roi-au-masque-d-or_<Charlot-1545>_31831,"tout , dit Charlot , j' ai bien tort de"
Schwob-Marcel_Le-roi-au-masque-d-or_<Charlot-1545>_31842,donner du tourment . Quand il n' y en avait
Schwob-Marcel_Le-roi-au-masque-d-or_<Charlot-1545>_31867,"terrer , les gueux . J' ai crevé la misère"
Schwob-Marcel_Le-roi-au-masque-d-or_<Charlot-1545>_31932,était couleur de plomb . Charlot vit la figure de
Schwob-Marcel_Le-roi-au-masque-d-or_<Charlot-1545>_31937,"Charlot vit la figure de son compagnon , jaune et"
Schwob-Marcel_Le-roi-au-masque-d-or_<Charlot-1545>_31957,foulard tordu au cou . Sa main avait glissé sur
Schwob-Marcel_Le-roi-au-masque-d-or_<Charlot-1545>_31971,avait marqué des doigts . Charlot regarda les traces rouges
Schwob-Marcel_Le-roi-au-masque-d-or_<Charlot-1545>_31978,les traces rouges noirâtres et secoua le dormeur . –
Schwob-Marcel_Le-roi-au-masque-d-or_<Charlot-1545>_31979,traces rouges noirâtres et secoua le dormeur . – Ah
Schwob-Marcel_Le-roi-au-masque-d-or_<Charlot-1545>_31988,"Ah ! assez , dit l' homme . Au point"
Schwob-Marcel_Le-roi-au-masque-d-or_<Charlot-1545>_32008,qu' est - ce que tu veux ? – Ça
Schwob-Marcel_Le-roi-au-masque-d-or_<Charlot-1545>_32015,"? – Ça , dit Charlot , comme étranglé ."
Schwob-Marcel_Le-roi-au-masque-d-or_<Charlot-1545>_32033,". – Eh ben , je me serai cogné en"
Schwob-Marcel_Le-roi-au-masque-d-or_<Charlot-1545>_32041,"cogné en montant , dit l' homme en mâchant ses"
Schwob-Marcel_Le-roi-au-masque-d-or_<Charlot-1545>_32045,dit l' homme en mâchant ses mots . – Des
Schwob-Marcel_Le-roi-au-masque-d-or_<Charlot-1545>_32053,"– Des doigts , cria Charlot , des doigts rouges"
Schwob-Marcel_Le-roi-au-masque-d-or_<Charlot-1545>_32059,", des doigts rouges ! Tu ne les as pas"
Schwob-Marcel_Le-roi-au-masque-d-or_<Charlot-1545>_32069,… – Et comment aurais - tu fait ? Tu
Schwob-Marcel_Le-roi-au-masque-d-or_<Charlot-1545>_32073,aurais - tu fait ? Tu demandais s' ils avaient
Schwob-Marcel_Le-roi-au-masque-d-or_<Charlot-1545>_32096,"la gendarmerie . Quoi , tu voulais t' en aller"
Schwob-Marcel_Le-roi-au-masque-d-or_<Charlot-1545>_32108,"l' argent ? Ben , tu l' as . Le"
Schwob-Marcel_Le-roi-au-masque-d-or_<Charlot-1545>_32138,"de lie de vin . Charlot tira l' homme ,"
Schwob-Marcel_Le-roi-au-masque-d-or_<Charlot-1545>_32140,"de vin . Charlot tira l' homme , lâcha les"
Schwob-Marcel_Le-roi-au-masque-d-or_<Charlot-1545>_32143,"Charlot tira l' homme , lâcha les rênes , et"
Schwob-Marcel_Le-roi-au-masque-d-or_<Charlot-1545>_32157,"jusque sur la route . L' homme , à demi"
Schwob-Marcel_Le-roi-au-masque-d-or_<Charlot-1545>_32171,au marchepied de fer et jura . – C' est
Schwob-Marcel_Le-roi-au-masque-d-or_<Charlot-1545>_32180,"est pas tout , dit Charlot , où sont mes"
Schwob-Marcel_Le-roi-au-masque-d-or_<Charlot-1545>_32184,"dit Charlot , où sont mes chaussons ? – Ils"
Schwob-Marcel_Le-roi-au-masque-d-or_<Charlot-1545>_32198,"paille , là , dit l' homme . On va"
Schwob-Marcel_Le-roi-au-masque-d-or_<Charlot-1545>_32220,. Les joues blanches de Charlot tremblaient . – Tu
Schwob-Marcel_Le-roi-au-masque-d-or_<Charlot-1545>_32224,de Charlot tremblaient . – Tu les as laissés à
Schwob-Marcel_Le-roi-au-masque-d-or_<Charlot-1545>_32235,maison ! cria - t - il . – Je
Schwob-Marcel_Le-roi-au-masque-d-or_<Charlot-1545>_32239,"t - il . – Je me souviens pas ,"
Schwob-Marcel_Le-roi-au-masque-d-or_<Charlot-1545>_32245,"me souviens pas , dit l' homme . Peut -"
Schwob-Marcel_Le-roi-au-masque-d-or_<Charlot-1545>_32252,". Peut - être que je les ai quittés ,"
Schwob-Marcel_Le-roi-au-masque-d-or_<Charlot-1545>_32259,"ai quittés , parce que j' avais patouillé dans le"
Schwob-Marcel_Le-roi-au-masque-d-or_<Charlot-1545>_32266,patouillé dans le sang . Il regarda ses souliers .
Schwob-Marcel_Le-roi-au-masque-d-or_<Charlot-1545>_32268,le sang . Il regarda ses souliers . Une ligne
Schwob-Marcel_Le-roi-au-masque-d-or_<Charlot-1545>_32284,empeigne . – On va me reconnaître ! cria Charlot
Schwob-Marcel_Le-roi-au-masque-d-or_<Charlot-1545>_32288,va me reconnaître ! cria Charlot . Tu as laissé
Schwob-Marcel_Le-roi-au-masque-d-or_<Charlot-1545>_32290,reconnaître ! cria Charlot . Tu as laissé mes chaussons
Schwob-Marcel_Le-roi-au-masque-d-or_<Charlot-1545>_32293,Charlot . Tu as laissé mes chaussons dans la chambre
Schwob-Marcel_Le-roi-au-masque-d-or_<Charlot-1545>_32300,dans la chambre ! Mais l' homme ne répondit rien
Schwob-Marcel_Le-roi-au-masque-d-or_<Charlot-1545>_32306,homme ne répondit rien . Il avait pris une poignée
Schwob-Marcel_Le-roi-au-masque-d-or_<Charlot-1545>_32316,"de terre humide , et essuyait les pointes de ses"
Schwob-Marcel_Le-roi-au-masque-d-or_<Charlot-1545>_32320,et essuyait les pointes de ses pieds . Charlot fit
Schwob-Marcel_Le-roi-au-masque-d-or_<Charlot-1545>_32323,pointes de ses pieds . Charlot fit le tour de
Schwob-Marcel_Le-roi-au-masque-d-or_<L' une-1768>_36618,"oripeaux de leurs cheveux . L' une , habillée tout"
Schwob-Marcel_Le-roi-au-masque-d-or_<L' une-1768>_36641,cheveux noirs en frisons ; elle était souple et se
Schwob-Marcel_Le-roi-au-masque-d-or_<L' une-1768>_36645,; elle était souple et se mit tout de suite
Schwob-Marcel_Le-roi-au-masque-d-or_<L' une-1768>_36657,", la tête penchée . Elle souriait aux avances ,"
Schwob-Marcel_Le-roi-au-masque-d-or_<L' une-1768>_36662,"Elle souriait aux avances , pliait effrontément les mains ,"
Schwob-Marcel_Le-roi-au-masque-d-or_<L' une-1768>_36667,"pliait effrontément les mains , levait la jambe en chahuteuse"
Schwob-Marcel_Le-roi-au-masque-d-or_<L' une-1768>_36673,"la jambe en chahuteuse , haussait les épaules pour une"
Schwob-Marcel_Le-roi-au-masque-d-or_<L' une-1768>_36691,"bout de la salle , donnait , sur les bras"
Schwob-Marcel_Le-roi-au-masque-d-or_<L' une-1768>_36718,"revers de la main , parlait en zézayant , le"
Schwob-Marcel_Le-roi-au-masque-d-or_<L' une-1768>_36748,"autre côté , casquée de ses cheveux , avec ses"
Schwob-Marcel_Le-roi-au-masque-d-or_<L' une-1768>_36752,"de ses cheveux , avec ses grands yeux calmes ,"
Schwob-Marcel_Le-roi-au-masque-d-or_<L' une-1768>_36757,"ses grands yeux calmes , son nez en lame mince"
Schwob-Marcel_Le-roi-au-masque-d-or_<L' une-1768>_36763,"nez en lame mince , son profil impérial , ses"
Schwob-Marcel_Le-roi-au-masque-d-or_<L' une-1768>_36767,", son profil impérial , ses mouvements sobres , la"
Schwob-Marcel_Le-roi-au-masque-d-or_<L' une-1768>_36771,", ses mouvements sobres , la danseuse fière continuait le"
Schwob-Marcel_Le-roi-au-masque-d-or_<L' une-1768>_36780,"le quadrille . Le pitre la vit aussitôt , louvoya"
Schwob-Marcel_Le-roi-au-masque-d-or_<L' une-1768>_36786,"vit aussitôt , louvoya vers elle et , lui faisant"
Schwob-Marcel_Le-roi-au-masque-d-or_<L' une-1768>_36789,"louvoya vers elle et , lui faisant face , lança"
Schwob-Marcel_Le-roi-au-masque-d-or_<L' une-1768>_36802,"de pied , tandis que ses bras s' écartaient et"
Schwob-Marcel_Le-roi-au-masque-d-or_<L' une-1768>_36815,des ailes de moulin . Elle le regardait avec beaucoup
Schwob-Marcel_Le-roi-au-masque-d-or_<L' une-1768>_36831,que la petite Orientale rouge lui jetait des œillades furieuses
Schwob-Marcel_Le-roi-au-masque-d-or_<L' une-1768>_36849,"cessait , le pitre empoigna la danseuse blême par la"
Schwob-Marcel_Le-roi-au-masque-d-or_<L' une-1768>_36856,blême par la taille et la porta dans le fond
Schwob-Marcel_Le-roi-au-masque-d-or_<L' une-1768>_36882,"des tables de bois . Elle ne cria pas ,"
Schwob-Marcel_Le-roi-au-masque-d-or_<L' une-1768>_36887,"Elle ne cria pas , elle ne fit pas d'"
Schwob-Marcel_Le-roi-au-masque-d-or_<L' une-1768>_36898,pour se dégager : mais elle fouettait rapidement de ses
Schwob-Marcel_Le-roi-au-masque-d-or_<L' une-1768>_36902,mais elle fouettait rapidement de ses doigts la figure du
Schwob-Marcel_Le-roi-au-masque-d-or_<L' une-1768>_36911,du pitre qui grimaçait . Elle se laissa asseoir sur
Schwob-Marcel_Le-roi-au-masque-d-or_<L' une-1768>_36922,"banc sans mot dire , trempa ses lèvres dans un"
Schwob-Marcel_Le-roi-au-masque-d-or_<L' une-1768>_36923,"sans mot dire , trempa ses lèvres dans un verre"
Schwob-Marcel_Le-roi-au-masque-d-or_<L' une-1768>_36932,"verre de punch , et regarda fixement dans le vague"
Schwob-Marcel_Le-roi-au-masque-d-or_<L' une-1768>_36972,"toutes ses glaces . Cependant la brune , avec sa"
Schwob-Marcel_Le-roi-au-masque-d-or_<L' une-1768>_36976,"Cependant la brune , avec sa veste et son pantalon"
Schwob-Marcel_Le-roi-au-masque-d-or_<L' une-1768>_36979,", avec sa veste et son pantalon rouges , s'"
Schwob-Marcel_Le-roi-au-masque-d-or_<L' une-1768>_36996,par de grands sanglots . Elle ne cessait de dire
Schwob-Marcel_Le-roi-au-masque-d-or_<L' une-1768>_37003,cessait de dire : « Je veux m' en aller
Schwob-Marcel_Le-roi-au-masque-d-or_<L' une-1768>_37009,"veux m' en aller , je veux m' en aller"
Schwob-Marcel_Le-roi-au-masque-d-or_<L' une-1768>_37017,en aller ! » Puis elle s' affaissa sur une
Schwob-Marcel_Le-roi-au-masque-d-or_<L' une-1768>_37030,une petite table peinte : ses larmes traçaient des ruisseaux
Schwob-Marcel_Le-roi-au-masque-d-or_<L' une-1768>_37043,poudre de riz qui couvrait sa figure et elle déchirait
Schwob-Marcel_Le-roi-au-masque-d-or_<L' une-1768>_37046,qui couvrait sa figure et elle déchirait son mouchoir avec
Schwob-Marcel_Le-roi-au-masque-d-or_<L' une-1768>_37048,sa figure et elle déchirait son mouchoir avec ses dents
Schwob-Marcel_Le-roi-au-masque-d-or_<L' une-1768>_37051,elle déchirait son mouchoir avec ses dents . J' étais
Schwob-Marcel_Le-roi-au-masque-d-or_<L' une-1768>_37062,", et j' essayai de lui parler pour la consoler"
Schwob-Marcel_Le-roi-au-masque-d-or_<L' une-1768>_37065,essayai de lui parler pour la consoler . Mais elle
Schwob-Marcel_Le-roi-au-masque-d-or_<L' une-1768>_37069,pour la consoler . Mais elle me repoussa des deux
Schwob-Marcel_Le-roi-au-masque-d-or_<L' une-1768>_37076,repoussa des deux bras et continua de sangloter ; ses
Schwob-Marcel_Le-roi-au-masque-d-or_<L' une-1768>_37080,et continua de sangloter ; ses épaules remontaient par saccades
Schwob-Marcel_Le-roi-au-masque-d-or_<L' une-1768>_37092,"cause des hoquets , et elle s' enfonçait la figure"
Schwob-Marcel_Le-roi-au-masque-d-or_<L' une-1768>_37104,"mains . Enfin , parmi ses pleurs , elle me"
Schwob-Marcel_Le-roi-au-masque-d-or_<L' une-1768>_37107,", parmi ses pleurs , elle me dit qu' elle"
Schwob-Marcel_Le-roi-au-masque-d-or_<L' une-1768>_37111,", elle me dit qu' elle aimait ce pitre à"
Schwob-Marcel_Le-roi-au-masque-d-or_<L' une-1768>_37132,était un ingrat ; puis elle se mit en colère
Schwob-Marcel_Le-roi-au-masque-d-or_<L' une-1768>_37139,"mit en colère , et cria des injures ; puis"
Schwob-Marcel_Le-roi-au-masque-d-or_<L' une-1768>_37144,cria des injures ; puis elle pleura de nouveau ;
Schwob-Marcel_Le-roi-au-masque-d-or_<L' une-1768>_37150,pleura de nouveau ; et elle remuait toujours la tête
Schwob-Marcel_Le-roi-au-masque-d-or_<L' une-1768>_37159,tête en disant : « Je veux m' en aller
Schwob-Marcel_Le-roi-au-masque-d-or_<L' une-1768>_37165,"veux m' en aller , je veux m' en aller"
Schwob-Marcel_Le-roi-au-masque-d-or_<L' une-1768>_37174,"aller ! » Enfin , elle vida son cœur ,"
Schwob-Marcel_Le-roi-au-masque-d-or_<L' une-1768>_37176,"» Enfin , elle vida son cœur , et voici"
Schwob-Marcel_Le-roi-au-masque-d-or_<L' une-1768>_37183,", et voici ce qu' elle dit : « J'"
Schwob-Marcel_Le-roi-au-masque-d-or_<L' une-1768>_37187,qu' elle dit : « J' ai assez de ton
Schwob-Marcel_Le-roi-au-masque-d-or_<Tu-1523>_30728,mer . LA CHARRETTE – Tu l' as ? souffla
Schwob-Marcel_Le-roi-au-masque-d-or_<Tu-1523>_30735,as ? souffla Charlot à son camarade dont la tête
Schwob-Marcel_Le-roi-au-masque-d-or_<Tu-1523>_30737,souffla Charlot à son camarade dont la tête apparut soudain
Schwob-Marcel_Le-roi-au-masque-d-or_<Tu-1523>_30782,a fait ça ? dit l' homme — sa voix
Schwob-Marcel_Le-roi-au-masque-d-or_<Tu-1523>_30785,? dit l' homme — sa voix basse pressée .
Schwob-Marcel_Le-roi-au-masque-d-or_<Tu-1523>_30791,"voix basse pressée . — Charlot , m' entends -"
Schwob-Marcel_Le-roi-au-masque-d-or_<Tu-1523>_30793,"pressée . — Charlot , m' entends - tu ?"
Schwob-Marcel_Le-roi-au-masque-d-or_<Tu-1523>_30795,"— Charlot , m' entends - tu ? Pourquoi as"
Schwob-Marcel_Le-roi-au-masque-d-or_<Tu-1523>_30800,- tu ? Pourquoi as - tu éteint ? je
Schwob-Marcel_Le-roi-au-masque-d-or_<Tu-1523>_30804,as - tu éteint ? je ne vois plus cette
Schwob-Marcel_Le-roi-au-masque-d-or_<Tu-1523>_30823,qu' est - ce que t' as ? Charlot lui
Schwob-Marcel_Le-roi-au-masque-d-or_<Tu-1523>_30827,"que t' as ? Charlot lui tendit les bras ,"
Schwob-Marcel_Le-roi-au-masque-d-or_<Tu-1523>_30833,"tendit les bras , et l' homme se hissa par"
Schwob-Marcel_Le-roi-au-masque-d-or_<Tu-1523>_30842,"par la roue . — T' es en place ,"
Schwob-Marcel_Le-roi-au-masque-d-or_<Tu-1523>_30848,"es en place , dit - il ; je touche"
Schwob-Marcel_Le-roi-au-masque-d-or_<Tu-1523>_30851,", dit - il ; je touche le cheval ."
Schwob-Marcel_Le-roi-au-masque-d-or_<Tu-1523>_30857,touche le cheval . — Mets - le entre nous
Schwob-Marcel_Le-roi-au-masque-d-or_<Tu-1523>_30858,"le cheval . — Mets - le entre nous ,"
Schwob-Marcel_Le-roi-au-masque-d-or_<Tu-1523>_30911,"– Pas ça , dit l' homme ; bon Dieu"
Schwob-Marcel_Le-roi-au-masque-d-or_<Tu-1523>_30922,pas ça ! Pourquoi que tu n' as pas coupé
Schwob-Marcel_Le-roi-au-masque-d-or_<Tu-1523>_30940,", ça s' entend . Je ne supporte plus ce"
Schwob-Marcel_Le-roi-au-masque-d-or_<Tu-1523>_30952,Déjà assez du couteau que tu as mis après la
Schwob-Marcel_Le-roi-au-masque-d-or_<Tu-1523>_30982,"Ils s' en doutaient , dis , les vieux ,"
Schwob-Marcel_Le-roi-au-masque-d-or_<Tu-1523>_30994,viendrait leur prendre ? – Je ne les avais jamais
Schwob-Marcel_Le-roi-au-masque-d-or_<Tu-1523>_31042,les claires - voies . Il avait son bonnet de
Schwob-Marcel_Le-roi-au-masque-d-or_<Tu-1523>_31044,"- voies . Il avait son bonnet de nuit ,"
Schwob-Marcel_Le-roi-au-masque-d-or_<Tu-1523>_31056,cheveux blancs de la vieille lui pendaient sur la gueule
Schwob-Marcel_Le-roi-au-masque-d-or_<Tu-1523>_31080,"pas . Un coup que je suis entré , ils"
Schwob-Marcel_Le-roi-au-masque-d-or_<Tu-1523>_31130,sonner les pièces ? – Je n' ai pas trouvé
Schwob-Marcel_Le-roi-au-masque-d-or_<Tu-1523>_31142,"de suite . Ah , bougre ! C' était rudement"
Schwob-Marcel_Le-roi-au-masque-d-or_<Tu-1523>_31162,de vieilles blouses dessus . Je leur ai dit que
Schwob-Marcel_Le-roi-au-masque-d-or_<Tu-1523>_31170,"dit que c' était pour toi , ton dû ,"
Schwob-Marcel_Le-roi-au-masque-d-or_<Tu-1523>_31172,"c' était pour toi , ton dû , quoi …"
Schwob-Marcel_Le-roi-au-masque-d-or_<Tu-1523>_31187,"pour l' embarquement , que tu leur renverrais ça en"
Schwob-Marcel_Le-roi-au-masque-d-or_<Tu-1523>_31200,"en billets verts , quand tu aurais gagné , dans"
Schwob-Marcel_Le-roi-au-masque-d-or_<Tu-1523>_31264,"qui ont peur . – T' as eu chaud ,"
Schwob-Marcel_Le-roi-au-masque-d-or_<Tu-1523>_31270,"as eu chaud , avec mes chaussons ? Hein ?"
Schwob-Marcel_Le-roi-au-masque-d-or_<Tu-1523>_31275,mes chaussons ? Hein ? Tes pieds auraient crié ;
Schwob-Marcel_Le-roi-au-masque-d-or_<Tu-1523>_31282,auraient crié ; ils ne t' auraient pas laissé entrer
Schwob-Marcel_Le-roi-au-masque-d-or_<Tu-1523>_31288,auraient pas laissé entrer . Je les mettais toujours .
Schwob-Marcel_Le-roi-au-masque-d-or_<Tu-1523>_31297,. – Pour sûr ! Il étendit les jambes dans
Schwob-Marcel_Le-roi-au-masque-d-or_<Tu-1523>_31321,Ils ont rien dit quand tu es parti ? –
Schwob-Marcel_Le-roi-au-masque-d-or_<Tu-1523>_31326,tu es parti ? – Charlot — pourquoi fais -
Schwob-Marcel_Le-roi-au-masque-d-or_<Tu-1523>_31330,– Charlot — pourquoi fais - tu ça ? —
Schwob-Marcel_Le-roi-au-masque-d-or_<Tu-1523>_31345,fait froid … – Mais je te dis que c'
Schwob-Marcel_Le-roi-au-masque-d-or_<Tu-1523>_31346,froid … – Mais je te dis que c' est
Schwob-Marcel_Le-roi-au-masque-d-or_<Tu-1523>_31357,"lune sur le montoir , mon vieux . La charrette"
Schwob-Marcel_Le-roi-au-masque-d-or_<Tu-1523>_31401,rapidement sur le ciel . L' homme se prit à
Schwob-Marcel_Le-roi-au-masque-d-or_<Tu-1523>_31409,"prit à dormir , et Charlot le regarda en maniant"
Schwob-Marcel_Le-roi-au-masque-d-or_<Tu-1523>_31410,"à dormir , et Charlot le regarda en maniant les"
Schwob-Marcel_Le-roi-au-masque-d-or_<Tu-1523>_31417,en maniant les rênes . Sa tête rebondissait sur sa
Schwob-Marcel_Le-roi-au-masque-d-or_<Tu-1523>_31421,. Sa tête rebondissait sur sa poitrine à tous les
Schwob-Marcel_Le-roi-au-masque-d-or_<Tu-1523>_31428,à tous les cahots . Il avait saisi le banc
Schwob-Marcel_Le-roi-au-masque-d-or_<Tu-1523>_31440,main droite et s' y cramponnait . La charrette tressautait
Schwob-Marcel_Le-roi-au-masque-d-or_<Tu-1523>_31446,. La charrette tressautait et l' homme n' entendait plus
Schwob-Marcel_Le-roi-au-masque-d-or_<la 52-940>_18521,La guerre se déchaîna entre la 52 et la 53
Schwob-Marcel_Le-roi-au-masque-d-or_<la 52-940>_18594,endormaient leur surveillance . Mais la 52 avait pris du
Schwob-Marcel_Le-roi-au-masque-d-or_<la 52-940>_18604,goût pour l' homme de son vis - à -
Schwob-Marcel_Le-roi-au-masque-d-or_<la 52-940>_18611,"- à - vis . Elle pinçait la bouche ,"
Schwob-Marcel_Le-roi-au-masque-d-or_<la 52-940>_18616,"Elle pinçait la bouche , tournait les yeux , le"
Schwob-Marcel_Le-roi-au-masque-d-or_<la 52-940>_18621,"tournait les yeux , le frôlait du caraco , en"
Schwob-Marcel_Le-roi-au-masque-d-or_<la 52-940>_18635,petit bégaiement . Les autres la détestaient à l' envi
Schwob-Marcel_Le-roi-au-masque-d-or_<la 52-940>_18645,", pour la liberté de ses mouvements . On entendit"
Schwob-Marcel_Le-roi-au-masque-d-or_<la 52-940>_18684,l' après - midi . La 53 lui faisait son
Schwob-Marcel_Le-roi-au-masque-d-or_<la 52-940>_18688,". La 53 lui faisait son nœud de cravate ,"
Schwob-Marcel_Le-roi-au-masque-d-or_<la 52-940>_18693,"son nœud de cravate , lui versait du collyre dans"
Schwob-Marcel_Le-roi-au-masque-d-or_<la 52-940>_18694,"nœud de cravate , lui versait du collyre dans les"
Schwob-Marcel_Le-roi-au-masque-d-or_<la 52-940>_18701,"collyre dans les yeux , lui offrait de précieuses pilules"
Schwob-Marcel_Le-roi-au-masque-d-or_<la 52-940>_18702,"dans les yeux , lui offrait de précieuses pilules électriques"
Schwob-Marcel_Le-roi-au-masque-d-or_<la 52-940>_18709,"précieuses pilules électriques , qu' elle conservait dans une petite"
Schwob-Marcel_Le-roi-au-masque-d-or_<la 52-940>_18717,une petite boîte dissimulée sous son oreiller . Mais elle
Schwob-Marcel_Le-roi-au-masque-d-or_<la 52-940>_18721,sous son oreiller . Mais elle ne pouvait s' empêcher
Schwob-Marcel_Le-roi-au-masque-d-or_<la 52-940>_18735,la table de nuit de la 52 qui allait régulièrement
Schwob-Marcel_Le-roi-au-masque-d-or_<la 52-940>_18737,de nuit de la 52 qui allait régulièrement à la
Schwob-Marcel_Le-roi-au-masque-d-or_<la 52-940>_18746,"la consultation , d' où elle rapportait sans cesse des"
Schwob-Marcel_Le-roi-au-masque-d-or_<la 52-940>_18753,sans cesse des bouteilles qu' elle étalait avec complaisance .
Schwob-Marcel_Le-roi-au-masque-d-or_<la 52-940>_18774,"carreaux une pipe rouge , la 53 s' agita ,"
Schwob-Marcel_Le-roi-au-masque-d-or_<la 52-940>_18781,"s' agita , joyeuse , rabattit son oreiller , s'"
Schwob-Marcel_Le-roi-au-masque-d-or_<la 52-940>_18782,"agita , joyeuse , rabattit son oreiller , s' y"
Schwob-Marcel_Le-roi-au-masque-d-or_<la 52-940>_18785,", rabattit son oreiller , s' y appuya , et"
Schwob-Marcel_Le-roi-au-masque-d-or_<la 52-940>_18797,"aux dents qui tremblaient , elle nargua son vis -"
Schwob-Marcel_Le-roi-au-masque-d-or_<la 52-940>_18799,"qui tremblaient , elle nargua son vis - à -"
Schwob-Marcel_Le-roi-au-masque-d-or_<la 52-940>_18810,", de l' œil . Elle montrait la pipe comme"
Schwob-Marcel_Le-roi-au-masque-d-or_<la 52-940>_18819,"comme une enfant , la faisait tourner en l' air"
Schwob-Marcel_Le-roi-au-masque-d-or_<la 52-940>_18826,"en l' air , la suçait , regardait le bout"
Schwob-Marcel_Le-roi-au-masque-d-or_<la 52-940>_18828,"air , la suçait , regardait le bout qu' elle"
Schwob-Marcel_Le-roi-au-masque-d-or_<la 52-940>_18832,", regardait le bout qu' elle avait sucé ; elle"
Schwob-Marcel_Le-roi-au-masque-d-or_<la 52-940>_18836,qu' elle avait sucé ; elle eut des mots à
Schwob-Marcel_Le-roi-au-masque-d-or_<la 52-940>_18866,"partir de ce moment , la 52 disparut tous les"
Schwob-Marcel_Le-roi-au-masque-d-or_<la 52-940>_18881,. On ne savait où elle allait . Pendant plusieurs
Schwob-Marcel_Le-roi-au-masque-d-or_<la 52-940>_18888,". Pendant plusieurs jours , elle eut l' air d'"
Schwob-Marcel_Le-roi-au-masque-d-or_<la 52-940>_18902,cœur . Peu à peu elle parut plus gaie .
Schwob-Marcel_Le-roi-au-masque-d-or_<la 52-940>_18914,"un matin , rentrant de sa promenade mystérieuse , elle"
Schwob-Marcel_Le-roi-au-masque-d-or_<la 52-940>_18918,"de sa promenade mystérieuse , elle fit à la pipe"
Schwob-Marcel_Le-roi-au-masque-d-or_<la 52-940>_18925,à la pipe rouge de la 53 un magnifique pied
Schwob-Marcel_Le-roi-au-masque-d-or_<la 52-940>_18939,", écartant deux doigts , montra des cornes au -"
Schwob-Marcel_Le-roi-au-masque-d-or_<la 52-940>_18946,"cornes au - dessus de son front , et toucha"
Schwob-Marcel_Le-roi-au-masque-d-or_<la 52-940>_18950,"de son front , et toucha son bras droit avec"
Schwob-Marcel_Le-roi-au-masque-d-or_<la 52-940>_18951,"son front , et toucha son bras droit avec un"
Schwob-Marcel_Le-roi-au-masque-d-or_<la 52-940>_18964,"moqueuse , comme pour plaindre la 53 de ne pouvoir"
Schwob-Marcel_Le-roi-au-masque-d-or_<la 52-940>_18988,dans la salle Orfila contre l' effrontée et la gêneuse
Schwob-Marcel_Le-roi-au-masque-d-or_<la 52-940>_18999,On affectait de cracher lorsqu' elle passait ; les vieilles
Schwob-Marcel_Le-roi-au-masque-d-or_<la 52-940>_19018,"chuchotaient entre elles , tenaient la 52 à l' écart"
Schwob-Marcel_Le-roi-au-masque-d-or_<la 52-940>_19054,sa « cousine » . La 53 ne semblait nullement
Schwob-Marcel_Le-roi-au-masque-d-or_<la 52-940>_19066,"Moins empressée , pourtant , elle demandait avec affectation à"
Schwob-Marcel_Le-roi-au-masque-d-or_<la 52-940>_19071,elle demandait avec affectation à son cousin ce qu' il
Schwob-Marcel_Le-roi-au-masque-d-or_<la 52-940>_19134,infirmières : « Vous changerez celle - ci de salle
Schwob-Marcel_Le-roi-au-masque-d-or_<la 52-940>_19141,"ci de salle . » La 52 , étonnée ,"
Schwob-Marcel_Le-roi-au-masque-d-or_<c'-1953>_40127,", dit l' Indien , c' est une moinette ;"
Schwob-Marcel_Le-roi-au-masque-d-or_<c'-1953>_40129,"l' Indien , c' est une moinette ; la gosse"
Schwob-Marcel_Le-roi-au-masque-d-or_<c'-1953>_40132,c' est une moinette ; la gosse de l' écluse
Schwob-Marcel_Le-roi-au-masque-d-or_<c'-1953>_40138,"gosse de l' écluse . Elle est là , parole"
Schwob-Marcel_Le-roi-au-masque-d-or_<c'-1953>_40156,tinrent pas de sourire . La petite fille était rouge
Schwob-Marcel_Le-roi-au-masque-d-or_<c'-1953>_40165,"rouge d' aurore , et elle dit de sa voix"
Schwob-Marcel_Le-roi-au-masque-d-or_<c'-1953>_40168,", et elle dit de sa voix menue : –"
Schwob-Marcel_Le-roi-au-masque-d-or_<c'-1953>_40174,voix menue : – Vous m' aviez permis de venir
Schwob-Marcel_Le-roi-au-masque-d-or_<c'-1953>_40187,Nous sommes demain matin . Je vais avec vous dans
Schwob-Marcel_Le-roi-au-masque-d-or_<c'-1953>_40207,". – Oui , reprit la petite . Je sais"
Schwob-Marcel_Le-roi-au-masque-d-or_<c'-1953>_40210,", reprit la petite . Je sais . Où il"
Schwob-Marcel_Le-roi-au-masque-d-or_<c'-1953>_40317,… citrouilles . Non … je ne sais plus …
Schwob-Marcel_Le-roi-au-masque-d-or_<c'-1953>_40322,je ne sais plus … aidez - moi . –
Schwob-Marcel_Le-roi-au-masque-d-or_<c'-1953>_40323,ne sais plus … aidez - moi . – Le
Schwob-Marcel_Le-roi-au-masque-d-or_<c'-1953>_40333,"diable m' emporte , dit Mahot . Des tortues peut"
Schwob-Marcel_Le-roi-au-masque-d-or_<c'-1953>_40345,"? – Oui , dit la petite . Des …"
Schwob-Marcel_Le-roi-au-masque-d-or_<c'-1953>_40358,"Pas tout ça , dit Mahot . Et ton papa"
Schwob-Marcel_Le-roi-au-masque-d-or_<c'-1953>_40361,", dit Mahot . Et ton papa ? – C'"
Schwob-Marcel_Le-roi-au-masque-d-or_<c'-1953>_40367,papa ? – C' est papa qui m' a appris
Schwob-Marcel_Le-roi-au-masque-d-or_<c'-1953>_40368,? – C' est papa qui m' a appris .
Schwob-Marcel_Le-roi-au-masque-d-or_<c'-1953>_40369,– C' est papa qui m' a appris . –
Schwob-Marcel_Le-roi-au-masque-d-or_<c'-1953>_40388,"? – Tout ce que je dis , les mouches"
Schwob-Marcel_Le-roi-au-masque-d-or_<c'-1953>_40405,"… citrouilles . Allez , papa était marin avant d'"
Schwob-Marcel_Le-roi-au-masque-d-or_<c'-1953>_40415,ouvrir l' écluse . Mais papa est vieux . Il
Schwob-Marcel_Le-roi-au-masque-d-or_<c'-1953>_40434,que des mauvaises plantes . Vous ne savez pas ?
Schwob-Marcel_Le-roi-au-masque-d-or_<c'-1953>_40439,Vous ne savez pas ? J' avais voulu faire un
Schwob-Marcel_Le-roi-au-masque-d-or_<c'-1953>_40462,a trop de vent . J' aurais enlevé les planches
Schwob-Marcel_Le-roi-au-masque-d-or_<c'-1953>_40473,"parquet , au milieu ; j' aurais mis de la"
Schwob-Marcel_Le-roi-au-masque-d-or_<c'-1953>_40521,des linots pour causer . Papa m' a défendu .
Schwob-Marcel_Le-roi-au-masque-d-or_<c'-1953>_40522,linots pour causer . Papa m' a défendu . Il
Schwob-Marcel_Le-roi-au-masque-d-or_<c'-1953>_40526,Papa m' a défendu . Il m' a dit que
Schwob-Marcel_Le-roi-au-masque-d-or_<c'-1953>_40527,m' a défendu . Il m' a dit que ça
Schwob-Marcel_Le-roi-au-masque-d-or_<c'-1953>_40544,de l' humidité . Alors je n' ai pas voulu
Schwob-Marcel_Le-roi-au-masque-d-or_<c'-1953>_40553,voulu d' humidité . Alors je viens avec vous pour
Schwob-Marcel_Le-roi-au-masque-d-or_<c'-1953>_40601,"en avant . – Mais tu ne verras rien ,"
Schwob-Marcel_Le-roi-au-masque-d-or_<c'-1953>_40620,". Jamais nous ne trouverons tes mouches , ni tes"
Schwob-Marcel_Le-roi-au-masque-d-or_<c'-1953>_40624,"trouverons tes mouches , ni tes oiseaux , ni tes"
Schwob-Marcel_Le-roi-au-masque-d-or_<c'-1953>_40628,"ni tes oiseaux , ni tes grenouilles . Il y"
Schwob-Marcel_Le-roi-au-masque-d-or_<c'-1953>_40663,– Pour sûr ? répéta la petite . Menteurs !
Schwob-Marcel_Le-roi-au-masque-d-or_<c'-1953>_40668,"la petite . Menteurs ! Je sais bien , allez"
Schwob-Marcel_Le-roi-au-masque-d-or_<c'-1953>_40697,"de même . Viens manger ta soupe , Bargette ."
Schwob-Marcel_Le-roi-au-masque-d-or_<c'-1953>_40700,"Viens manger ta soupe , Bargette . Et elle garda"
Schwob-Marcel_Le-roi-au-masque-d-or_<c'-1953>_40703,"soupe , Bargette . Et elle garda ce nom ."
Schwob-Marcel_Le-roi-au-masque-d-or_<c'-1953>_40719,", froids et tièdes , elle leur tint compagnie sur"
Schwob-Marcel_Le-roi-au-masque-d-or_<c'-1953>_40773,vers les nuages . Mais Bargette ne devint pas gaie
Schwob-Marcel_Le-roi-au-masque-d-or_<c'-1953>_40799,"Mahot menaient la gaffe , elle pensait qu' on l'"
Schwob-Marcel_Le-roi-au-masque-d-or_<c'-1953>_40803,", elle pensait qu' on l' avait trompée . Car"
Schwob-Marcel_Le-roi-au-masque-d-or_<c'-1953>_40845,"secouaient leur bec mouillé , elle n' avait pas vu"
Schwob-Marcel_Le-roi-au-masque-d-or_<c'-1953>_40850,elle n' avait pas vu ses oiseaux qui vivent sur
Schwob-Marcel_Le-roi-au-masque-d-or_<c'-1953>_40948,"sera content , hein ? Bargette secoua la tête ."
Schwob-Marcel_Le-roi-au-masque-d-or_<c'-1953>_41009,rive du canal ; et Bargette leur cria de nouveau
